episode,steps,reward
0,41,0
1,34,0
2,16,0
3,10,0
4,50,0
5,20,0
6,18,0
7,17,0
8,13,0
9,32,0
10,44,0
11,100,0
12,39,0
13,15,0
14,10,0
15,73,0
16,37,0
17,15,0
18,9,0
19,84,0
20,33,0
21,87,0
22,30,0
23,12,0
24,33,0
25,14,0
26,89,0
27,23,0
28,30,0
29,19,0
30,50,0
31,14,0
32,56,0
33,27,0
34,30,0
35,20,0
36,38,0
37,75,0
38,51,0
39,19,0
40,26,0
41,18,0
42,29,0
43,31,0
44,35,0
45,87,0
46,21,0
47,68,0
48,77,0
49,58,0
50,8,0
51,17,0
52,22,0
53,67,0
54,24,0
55,20,0
56,42,0
57,23,0
58,11,0
59,19,0
60,14,0
61,17,0
62,46,0
63,70,0
64,8,0
65,40,0
66,10,0
67,62,0
68,5,0
69,56,0
70,54,0
71,79,0
72,24,0
73,8,0
74,51,0
75,56,0
76,30,0
77,28,0
78,44,0
79,9,0
80,32,0
81,21,0
82,23,0
83,22,0
84,55,0
85,11,0
86,22,0
87,17,0
88,121,0
89,71,0
90,20,0
91,23,0
92,26,0
93,17,0
94,48,0
95,52,0
96,42,0
97,33,0
98,17,0
99,28,0
100,30,0
101,25,0
102,42,0
103,130,0
104,22,0
105,59,0
106,29,0
107,21,0
108,23,0
109,63,0
110,20,0
111,27,0
112,22,0
113,33,0
114,58,0
115,11,0
116,43,0
117,23,0
118,63,0
119,29,0
120,15,0
121,26,0
122,6,0
123,87,0
124,12,0
125,26,0
126,72,0
127,8,0
128,18,0
129,56,0
130,50,0
131,17,0
132,133,0
133,36,0
134,26,0
135,13,0
136,23,0
137,33,0
138,12,0
139,13,0
140,14,0
141,33,0
142,54,0
143,32,0
144,26,0
145,47,0
146,25,0
147,14,0
148,71,0
149,63,0
150,10,0
151,38,0
152,20,0
153,23,0
154,39,0
155,45,0
156,17,0
157,34,0
158,8,0
159,30,0
160,30,0
161,36,0
162,38,0
163,70,0
164,18,0
165,12,0
166,60,0
167,23,0
168,75,0
169,38,0
170,34,0
171,39,0
172,82,0
173,8,0
174,31,0
175,19,0
176,16,0
177,30,0
178,45,0
179,18,0
180,67,0
181,20,0
182,39,0
183,20,0
184,10,0
185,45,0
186,5,0
187,30,0
188,31,0
189,8,0
190,7,0
191,34,0
192,44,0
193,14,0
194,16,0
195,23,0
196,19,0
197,12,0
198,42,0
199,25,0
200,19,0
201,15,0
202,20,0
203,10,0
204,17,0
205,11,0
206,20,0
207,39,0
208,26,0
209,5,0
210,26,0
211,25,0
212,19,0
213,29,0
214,10,0
215,13,0
216,87,0
217,32,0
218,33,0
219,17,0
220,73,0
221,37,0
222,87,0
223,36,0
224,8,0
225,54,0
226,16,0
227,47,0
228,42,0
229,15,0
230,28,0
231,22,0
232,19,0
233,37,0
234,6,0
235,17,0
236,20,0
237,14,0
238,71,0
239,51,0
240,17,0
241,16,0
242,12,0
243,55,0
244,25,0
245,15,0
246,26,0
247,110,0
248,31,0
249,48,0
250,63,0
251,42,0
252,10,0
253,16,0
254,12,0
255,27,0
256,28,0
257,22,0
258,30,0
259,37,0
260,20,0
261,32,0
262,95,0
263,7,0
264,12,0
265,6,0
266,56,0
267,72,0
268,12,0
269,36,0
270,29,0
271,65,0
272,6,0
273,11,0
274,19,0
275,59,0
276,11,0
277,15,0
278,19,0
279,33,0
280,24,0
281,8,0
282,73,0
283,78,0
284,39,0
285,22,0
286,39,0
287,77,0
288,19,0
289,23,0
290,83,0
291,14,0
292,17,0
293,54,0
294,121,0
295,25,0
296,18,0
297,31,0
298,68,0
299,28,0
300,13,0
301,27,0
302,37,0
303,135,0
304,6,0
305,19,0
306,61,0
307,33,0
308,10,0
309,17,0
310,74,0
311,24,0
312,89,0
313,26,0
314,49,0
315,35,0
316,21,0
317,18,0
318,58,0
319,7,0
320,52,0
321,26,0
322,23,0
323,22,0
324,29,0
325,26,0
326,43,0
327,6,0
328,22,0
329,11,0
330,47,0
331,50,0
332,33,0
333,14,0
334,14,0
335,45,0
336,29,0
337,68,0
338,7,0
339,35,0
340,24,0
341,8,0
342,29,0
343,50,0
344,39,0
345,34,0
346,44,0
347,36,0
348,10,0
349,18,0
350,10,0
351,30,0
352,13,0
353,90,0
354,22,0
355,15,0
356,14,0
357,31,0
358,53,0
359,167,0
360,40,0
361,58,0
362,24,0
363,15,0
364,36,0
365,57,0
366,7,0
367,31,0
368,13,0
369,9,0
370,16,0
371,33,0
372,11,0
373,20,0
374,20,0
375,69,0
376,8,0
377,9,0
378,24,0
379,38,0
380,43,0
381,58,0
382,26,0
383,21,0
384,5,0
385,18,0
386,12,0
387,65,0
388,28,0
389,29,0
390,19,0
391,12,0
392,36,0
393,48,0
394,24,0
395,36,0
396,35,0
397,13,0
398,8,0
399,55,0
400,46,0
401,19,0
402,7,0
403,37,0
404,20,0
405,31,0
406,37,0
407,17,0
408,7,0
409,29,0
410,47,0
411,39,0
412,6,0
413,49,0
414,15,0
415,25,0
416,44,0
417,40,0
418,20,0
419,9,0
420,14,0
421,32,0
422,20,0
423,67,0
424,16,0
425,9,0
426,36,0
427,18,0
428,7,0
429,29,0
430,19,0
431,41,0
432,17,0
433,14,0
434,38,0
435,39,0
436,32,0
437,23,0
438,100,0
439,14,0
440,55,0
441,50,0
442,19,0
443,46,0
444,17,0
445,9,0
446,33,0
447,5,0
448,8,0
449,25,0
450,26,0
451,13,0
452,65,0
453,18,0
454,113,0
455,8,0
456,49,0
457,59,0
458,9,0
459,10,0
460,45,0
461,31,0
462,20,0
463,18,0
464,43,0
465,30,0
466,43,0
467,29,0
468,27,0
469,14,0
470,50,0
471,41,0
472,5,0
473,48,0
474,9,0
475,21,0
476,39,0
477,19,0
478,13,0
479,10,0
480,18,0
481,40,0
482,34,0
483,26,0
484,97,0
485,50,0
486,43,0
487,45,0
488,87,0
489,19,0
490,5,0
491,25,0
492,14,0
493,40,0
494,10,0
495,9,0
496,58,0
497,32,0
498,30,0
499,54,0
500,57,0
501,25,0
502,21,0
503,7,0
504,12,0
505,45,0
506,28,0
507,67,0
508,39,0
509,57,0
510,35,0
511,8,0
512,28,0
513,49,0
514,35,0
515,95,0
516,88,0
517,15,0
518,15,0
519,13,0
520,39,0
521,54,0
522,6,0
523,19,0
524,8,0
525,60,0
526,23,0
527,8,0
528,11,0
529,17,0
530,14,0
531,17,0
532,13,0
533,122,0
534,49,0
535,19,0
536,28,0
537,14,0
538,39,0
539,19,0
540,19,0
541,14,0
542,30,0
543,27,0
544,16,0
545,50,0
546,30,0
547,30,0
548,8,0
549,11,0
550,10,0
551,11,0
552,15,0
553,35,0
554,46,0
555,43,0
556,20,0
557,19,0
558,43,0
559,8,0
560,21,0
561,16,0
562,25,0
563,72,0
564,28,0
565,25,0
566,67,0
567,35,0
568,32,0
569,20,0
570,6,0
571,24,0
572,40,0
573,59,0
574,73,0
575,124,0
576,13,0
577,38,0
578,9,0
579,12,0
580,27,0
581,39,0
582,33,0
583,44,0
584,11,0
585,43,0
586,10,0
587,41,0
588,15,0
589,63,0
590,5,0
591,11,0
592,15,0
593,31,0
594,9,0
595,15,0
596,23,0
597,28,0
598,73,0
599,22,0
600,26,0
601,67,0
602,8,0
603,29,0
604,40,0
605,39,0
606,36,0
607,30,0
608,39,0
609,32,0
610,8,0
611,36,0
612,13,0
613,37,0
614,42,0
615,23,0
616,15,0
617,22,0
618,45,0
619,43,0
620,16,0
621,36,0
622,5,0
623,31,0
624,15,0
625,12,0
626,45,0
627,13,0
628,14,0
629,10,0
630,45,0
631,9,0
632,100,0
633,43,0
634,29,0
635,31,0
636,46,0
637,98,0
638,42,0
639,36,0
640,32,0
641,49,0
642,34,0
643,12,0
644,41,0
645,65,0
646,73,0
647,26,0
648,16,0
649,104,0
650,67,0
651,11,0
652,46,0
653,34,0
654,46,0
655,20,0
656,15,0
657,17,0
658,66,0
659,37,0
660,20,0
661,5,0
662,31,0
663,52,0
664,12,0
665,19,0
666,50,0
667,6,0
668,18,0
669,14,0
670,5,0
671,21,0
672,54,0
673,17,0
674,52,0
675,26,0
676,67,0
677,17,0
678,36,0
679,10,0
680,39,0
681,56,0
682,19,0
683,20,0
684,23,0
685,44,0
686,51,0
687,21,0
688,24,0
689,33,0
690,15,0
691,28,0
692,19,0
693,14,0
694,15,0
695,169,0
696,39,0
697,89,0
698,38,0
699,11,0
700,96,0
701,41,0
702,39,0
703,32,0
704,25,0
705,13,0
706,21,0
707,112,0
708,57,0
709,133,0
710,13,0
711,42,0
712,45,0
713,50,0
714,36,0
715,59,0
716,64,0
717,16,0
718,34,0
719,96,0
720,42,0
721,8,0
722,14,0
723,38,0
724,42,0
725,41,0
726,44,0
727,42,0
728,113,0
729,21,0
730,99,0
731,11,0
732,25,0
733,20,0
734,56,0
735,36,0
736,37,0
737,54,0
738,16,0
739,78,0
740,11,0
741,39,0
742,21,0
743,22,0
744,11,0
745,37,0
746,13,0
747,14,0
748,41,0
749,31,0
750,13,0
751,22,0
752,34,0
753,35,0
754,35,0
755,19,0
756,24,0
757,23,0
758,32,0
759,23,0
760,35,0
761,27,0
762,42,0
763,39,0
764,35,0
765,27,0
766,9,0
767,73,0
768,67,0
769,14,0
770,14,0
771,30,0
772,15,0
773,18,0
774,72,0
775,19,0
776,23,0
777,19,0
778,23,0
779,48,0
780,27,0
781,26,0
782,12,0
783,42,0
784,22,0
785,35,0
786,26,0
787,14,0
788,31,0
789,14,0
790,67,0
791,13,0
792,48,0
793,6,0
794,23,0
795,42,0
796,21,0
797,20,0
798,18,0
799,52,0
800,20,0
801,10,0
802,18,0
803,16,0
804,73,0
805,16,0
806,51,0
807,8,0
808,64,0
809,16,0
810,74,0
811,18,0
812,22,0
813,19,0
814,9,0
815,9,0
816,21,0
817,5,0
818,27,0
819,17,0
820,9,0
821,23,0
822,15,0
823,15,0
824,11,0
825,9,0
826,46,0
827,16,0
828,21,0
829,51,0
830,27,0
831,40,0
832,47,0
833,36,0
834,59,0
835,44,0
836,22,0
837,33,0
838,43,0
839,22,0
840,18,0
841,10,0
842,29,0
843,7,0
844,19,0
845,11,0
846,41,0
847,56,0
848,9,0
849,28,0
850,7,0
851,65,0
852,14,0
853,11,0
854,12,0
855,22,0
856,15,0
857,27,0
858,34,0
859,44,0
860,6,0
861,29,0
862,55,0
863,10,0
864,34,0
865,12,0
866,28,0
867,24,0
868,13,0
869,19,0
870,55,0
871,41,0
872,17,0
873,8,0
874,48,0
875,53,0
876,26,0
877,18,0
878,14,0
879,33,0
880,11,0
881,48,0
882,65,0
883,69,0
884,138,0
885,44,0
886,28,0
887,15,0
888,24,0
889,50,0
890,17,0
891,16,0
892,58,0
893,19,0
894,31,0
895,59,0
896,68,0
897,22,0
898,42,0
899,7,0
900,64,0
901,25,0
902,15,0
903,19,0
904,53,0
905,40,0
906,51,0
907,37,0
908,12,0
909,23,0
910,51,0
911,61,0
912,74,0
913,59,0
914,16,0
915,11,0
916,34,0
917,66,0
918,27,0
919,15,0
920,8,0
921,42,0
922,18,0
923,50,0
924,49,0
925,26,0
926,7,0
927,45,0
928,44,0
929,44,0
930,36,0
931,18,0
932,71,0
933,16,0
934,17,0
935,37,0
936,37,0
937,27,0
938,31,0
939,8,0
940,11,0
941,36,0
942,26,0
943,66,0
944,16,0
945,12,0
946,34,0
947,109,0
948,114,0
949,35,0
950,31,0
951,7,0
952,7,0
953,19,0
954,58,0
955,45,0
956,27,0
957,23,0
958,33,0
959,21,0
960,66,0
961,48,0
962,34,0
963,63,0
964,18,0
965,12,0
966,164,0
967,53,0
968,14,0
969,36,0
970,15,0
971,10,0
972,10,0
973,31,0
974,123,0
975,29,0
976,22,0
977,33,0
978,12,0
979,8,0
980,19,0
981,45,0
982,36,0
983,24,0
984,10,0
985,7,0
986,43,0
987,24,0
988,13,0
989,13,0
990,14,0
991,38,0
992,26,0
993,39,0
994,16,0
995,35,0
996,35,0
997,29,0
998,26,0
999,15,0
1000,24,0
1001,15,0
1002,36,0
1003,33,0
1004,10,0
1005,20,0
1006,36,0
1007,23,0
1008,30,0
1009,72,0
1010,18,0
1011,22,0
1012,15,0
1013,8,0
1014,35,0
1015,8,0
1016,41,0
1017,46,0
1018,47,0
1019,41,0
1020,7,0
1021,7,0
1022,48,0
1023,20,0
1024,18,0
1025,10,0
1026,86,0
1027,49,0
1028,49,0
1029,5,0
1030,13,0
1031,14,0
1032,106,0
1033,7,0
1034,8,0
1035,19,0
1036,51,0
1037,30,0
1038,18,0
1039,24,0
1040,29,0
1041,47,0
1042,45,0
1043,29,0
1044,16,0
1045,42,0
1046,42,0
1047,80,0
1048,17,0
1049,31,0
1050,40,0
1051,21,0
1052,12,0
1053,35,0
1054,13,0
1055,37,0
1056,53,0
1057,9,0
1058,22,0
1059,67,0
1060,7,0
1061,17,0
1062,24,0
1063,43,0
1064,38,0
1065,8,0
1066,48,0
1067,19,0
1068,10,0
1069,23,0
1070,19,0
1071,40,0
1072,19,0
1073,48,0
1074,15,0
1075,41,0
1076,15,0
1077,26,0
1078,16,0
1079,26,0
1080,30,0
1081,22,0
1082,11,0
1083,48,0
1084,28,0
1085,22,0
1086,20,0
1087,71,0
1088,18,0
1089,10,0
1090,57,0
1091,47,0
1092,17,0
1093,33,0
1094,8,0
1095,22,0
1096,17,0
1097,35,0
1098,34,0
1099,12,0
1100,27,0
1101,35,0
1102,40,0
1103,10,0
1104,62,0
1105,32,0
1106,45,0
1107,18,0
1108,11,0
1109,23,0
1110,10,0
1111,40,0
1112,27,0
1113,44,0
1114,23,0
1115,18,0
1116,36,0
1117,17,0
1118,34,0
1119,19,0
1120,32,0
1121,45,0
1122,105,0
1123,59,0
1124,31,0
1125,8,0
1126,12,0
1127,5,0
1128,30,0
1129,30,0
1130,39,0
1131,29,0
1132,22,0
1133,26,0
1134,14,0
1135,26,0
1136,16,0
1137,70,0
1138,34,0
1139,75,0
1140,35,0
1141,15,0
1142,18,0
1143,5,0
1144,45,0
1145,38,0
1146,43,0
1147,5,0
1148,60,0
1149,10,0
1150,12,0
1151,70,0
1152,40,0
1153,22,0
1154,16,0
1155,30,0
1156,60,0
1157,11,0
1158,30,0
1159,50,0
1160,47,0
1161,11,0
1162,73,0
1163,24,0
1164,12,0
1165,17,0
1166,45,0
1167,10,0
1168,40,0
1169,77,0
1170,50,0
1171,34,0
1172,30,0
1173,9,0
1174,13,0
1175,78,0
1176,25,0
1177,10,0
1178,45,0
1179,11,0
1180,44,0
1181,20,0
1182,30,0
1183,9,0
1184,30,0
1185,51,0
1186,16,0
1187,40,0
1188,67,0
1189,56,0
1190,62,0
1191,23,0
1192,9,0
1193,19,0
1194,24,0
1195,21,0
1196,18,0
1197,39,0
1198,41,0
1199,39,0
1200,34,0
1201,85,0
1202,16,0
1203,9,0
1204,34,0
1205,7,0
1206,33,0
1207,16,0
1208,25,0
1209,9,0
1210,9,0
1211,34,0
1212,10,0
1213,11,0
1214,45,0
1215,76,0
1216,76,0
1217,65,0
1218,36,0
1219,22,0
1220,25,0
1221,25,0
1222,12,0
1223,44,0
1224,79,0
1225,15,0
1226,68,0
1227,50,0
1228,5,0
1229,37,0
1230,31,0
1231,27,0
1232,14,0
1233,32,0
1234,43,0
1235,45,0
1236,28,0
1237,45,0
1238,17,0
1239,42,0
1240,160,0
1241,83,0
1242,11,0
1243,13,0
1244,84,0
1245,17,0
1246,21,0
1247,16,0
1248,13,0
1249,118,0
1250,14,0
1251,18,0
1252,33,0
1253,36,0
1254,38,0
1255,33,0
1256,39,0
1257,22,0
1258,12,0
1259,25,0
1260,7,0
1261,55,0
1262,16,0
1263,37,0
1264,10,0
1265,13,0
1266,8,0
1267,56,0
1268,8,0
1269,32,0
1270,55,0
1271,45,0
1272,42,0
1273,29,0
1274,44,0
1275,29,0
1276,25,0
1277,57,0
1278,12,0
1279,57,0
1280,25,0
1281,18,0
1282,69,0
1283,6,0
1284,11,0
1285,19,0
1286,20,0
1287,35,0
1288,18,0
1289,20,0
1290,43,0
1291,16,0
1292,21,0
1293,62,0
1294,22,0
1295,11,0
1296,8,0
1297,16,0
1298,66,0
1299,14,0
1300,62,0
1301,75,0
1302,22,0
1303,9,0
1304,93,0
1305,43,0
1306,27,0
1307,31,0
1308,26,0
1309,26,0
1310,34,0
1311,12,0
1312,51,0
1313,41,0
1314,27,0
1315,21,0
1316,38,0
1317,28,0
1318,5,0
1319,14,0
1320,76,0
1321,14,0
1322,36,0
1323,18,0
1324,16,0
1325,22,0
1326,42,0
1327,32,0
1328,25,0
1329,75,0
1330,20,0
1331,9,0
1332,11,0
1333,11,0
1334,32,0
1335,22,0
1336,150,0
1337,36,0
1338,99,0
1339,17,0
1340,13,0
1341,37,0
1342,32,0
1343,23,0
1344,27,0
1345,41,0
1346,26,0
1347,17,0
1348,46,0
1349,12,0
1350,9,0
1351,21,0
1352,22,0
1353,13,0
1354,22,0
1355,21,0
1356,35,0
1357,34,0
1358,44,0
1359,34,0
1360,86,0
1361,40,0
1362,87,0
1363,12,0
1364,11,0
1365,17,0
1366,65,0
1367,28,0
1368,15,0
1369,28,0
1370,24,0
1371,17,0
1372,31,0
1373,20,0
1374,110,0
1375,39,0
1376,8,0
1377,42,0
1378,36,0
1379,43,0
1380,12,0
1381,27,0
1382,20,0
1383,17,0
1384,24,0
1385,15,0
1386,11,0
1387,78,0
1388,58,0
1389,54,0
1390,59,0
1391,9,0
1392,18,0
1393,26,0
1394,16,0
1395,53,0
1396,53,0
1397,10,0
1398,12,0
1399,39,0
1400,38,0
1401,23,0
1402,31,0
1403,16,0
1404,24,0
1405,19,0
1406,47,0
1407,19,0
1408,45,0
1409,11,0
1410,35,0
1411,24,0
1412,28,0
1413,47,0
1414,39,0
1415,27,0
1416,23,0
1417,28,0
1418,78,0
1419,10,0
1420,8,0
1421,71,0
1422,14,0
1423,11,0
1424,36,0
1425,22,0
1426,36,0
1427,7,0
1428,60,0
1429,9,0
1430,15,0
1431,40,0
1432,48,0
1433,12,0
1434,69,0
1435,33,0
1436,38,0
1437,9,0
1438,34,0
1439,17,0
1440,23,0
1441,23,0
1442,12,0
1443,34,0
1444,16,0
1445,41,0
1446,43,0
1447,48,0
1448,5,0
1449,54,0
1450,49,0
1451,19,0
1452,47,0
1453,55,0
1454,28,0
1455,13,0
1456,56,0
1457,37,0
1458,10,0
1459,25,0
1460,48,0
1461,10,0
1462,8,0
1463,14,0
1464,23,0
1465,102,0
1466,89,0
1467,27,0
1468,10,0
1469,35,0
1470,7,0
1471,27,0
1472,31,0
1473,35,0
1474,29,0
1475,24,0
1476,62,0
1477,16,0
1478,45,0
1479,18,0
1480,61,0
1481,30,0
1482,17,0
1483,50,0
1484,14,0
1485,47,0
1486,38,0
1487,104,0
1488,7,0
1489,10,0
1490,33,0
1491,6,0
1492,27,0
1493,5,0
1494,7,0
1495,26,0
1496,41,0
1497,57,0
1498,29,0
1499,16,0
1500,53,0
1501,29,0
1502,28,0
1503,47,0
1504,38,0
1505,45,0
1506,33,0
1507,11,0
1508,72,0
1509,21,0
1510,51,0
1511,42,0
1512,51,0
1513,20,0
1514,103,0
1515,22,0
1516,28,0
1517,18,0
1518,97,0
1519,41,0
1520,14,0
1521,16,0
1522,26,0
1523,31,0
1524,42,0
1525,7,0
1526,25,0
1527,40,0
1528,40,0
1529,42,0
1530,73,0
1531,17,0
1532,21,0
1533,39,0
1534,23,0
1535,35,0
1536,33,0
1537,8,0
1538,23,0
1539,27,0
1540,11,0
1541,19,0
1542,18,0
1543,49,0
1544,43,0
1545,17,0
1546,6,0
1547,13,0
1548,50,0
1549,64,0
1550,60,0
1551,33,0
1552,15,0
1553,19,0
1554,9,0
1555,60,0
1556,58,0
1557,74,0
1558,17,0
1559,95,0
1560,9,0
1561,16,0
1562,44,0
1563,36,0
1564,8,0
1565,19,0
1566,25,0
1567,33,0
1568,77,0
1569,22,0
1570,15,0
1571,86,0
1572,7,0
1573,32,0
1574,13,0
1575,22,0
1576,13,0
1577,29,0
1578,79,0
1579,36,0
1580,28,0
1581,15,0
1582,66,0
1583,67,0
1584,21,0
1585,22,0
1586,16,0
1587,13,0
1588,53,0
1589,19,0
1590,20,0
1591,29,0
1592,9,0
1593,19,0
1594,8,0
1595,20,0
1596,29,0
1597,50,0
1598,20,0
1599,69,0
1600,21,0
1601,38,0
1602,50,0
1603,72,0
1604,11,0
1605,10,0
1606,70,0
1607,34,0
1608,35,0
1609,7,0
1610,23,0
1611,34,0
1612,41,0
1613,64,0
1614,30,0
1615,29,0
1616,48,0
1617,33,0
1618,5,0
1619,38,0
1620,75,0
1621,40,0
1622,14,0
1623,54,0
1624,15,0
1625,7,0
1626,31,0
1627,34,0
1628,28,0
1629,17,0
1630,133,0
1631,42,0
1632,37,0
1633,12,0
1634,19,0
1635,105,0
1636,30,0
1637,53,0
1638,22,0
1639,54,0
1640,35,0
1641,48,0
1642,8,0
1643,18,0
1644,65,0
1645,20,0
1646,19,0
1647,46,0
1648,34,0
1649,21,0
1650,14,0
1651,26,0
1652,30,0
1653,28,0
1654,13,0
1655,45,0
1656,44,0
1657,96,0
1658,28,0
1659,25,0
1660,13,0
1661,13,0
1662,14,0
1663,58,0
1664,24,0
1665,76,0
1666,30,0
1667,16,0
1668,20,0
1669,34,0
1670,25,0
1671,27,0
1672,12,0
1673,15,0
1674,67,0
1675,34,0
1676,23,0
1677,11,0
1678,74,0
1679,31,0
1680,49,0
1681,5,0
1682,17,0
1683,8,0
1684,14,0
1685,68,0
1686,10,0
1687,24,0
1688,17,0
1689,18,0
1690,51,0
1691,9,0
1692,18,0
1693,25,0
1694,35,0
1695,42,0
1696,7,0
1697,27,0
1698,30,0
1699,38,0
1700,50,0
1701,17,0
1702,29,0
1703,32,0
1704,34,0
1705,35,0
1706,43,0
1707,79,0
1708,35,0
1709,20,0
1710,55,0
1711,12,0
1712,27,0
1713,21,0
1714,9,0
1715,24,0
1716,47,0
1717,56,0
1718,45,0
1719,7,0
1720,80,0
1721,24,0
1722,39,0
1723,12,0
1724,22,0
1725,32,0
1726,19,0
1727,30,0
1728,9,0
1729,15,0
1730,58,0
1731,136,0
1732,39,0
1733,20,0
1734,26,0
1735,33,0
1736,18,0
1737,18,0
1738,54,0
1739,24,0
1740,27,0
1741,34,0
1742,21,0
1743,31,0
1744,19,0
1745,48,0
1746,9,0
1747,45,0
1748,34,0
1749,47,0
1750,22,0
1751,31,0
1752,21,0
1753,25,0
1754,9,0
1755,21,0
1756,46,0
1757,23,0
1758,57,0
1759,35,0
1760,10,0
1761,51,0
1762,10,0
1763,47,0
1764,18,0
1765,38,0
1766,32,0
1767,51,0
1768,35,0
1769,52,0
1770,7,0
1771,58,0
1772,28,0
1773,31,0
1774,42,0
1775,6,0
1776,34,0
1777,33,0
1778,54,0
1779,14,0
1780,70,0
1781,37,0
1782,26,0
1783,25,0
1784,6,0
1785,5,0
1786,14,0
1787,35,0
1788,24,0
1789,25,0
1790,23,0
1791,19,0
1792,39,0
1793,7,0
1794,47,0
1795,49,0
1796,18,0
1797,10,0
1798,16,0
1799,28,0
1800,34,0
1801,47,0
1802,20,0
1803,18,0
1804,44,0
1805,25,0
1806,5,0
1807,14,0
1808,35,0
1809,18,0
1810,63,0
1811,23,0
1812,24,0
1813,28,0
1814,50,0
1815,37,0
1816,30,0
1817,11,0
1818,17,0
1819,29,0
1820,18,0
1821,48,0
1822,17,0
1823,28,0
1824,36,0
1825,11,0
1826,46,0
1827,75,0
1828,17,0
1829,23,0
1830,61,0
1831,20,0
1832,19,0
1833,33,0
1834,28,0
1835,11,0
1836,12,0
1837,20,0
1838,6,0
1839,63,0
1840,20,0
1841,17,0
1842,14,0
1843,15,0
1844,43,0
1845,47,0
1846,8,0
1847,89,0
1848,12,0
1849,18,0
1850,14,0
1851,88,0
1852,48,0
1853,14,0
1854,30,0
1855,15,0
1856,51,0
1857,56,0
1858,51,0
1859,21,0
1860,21,0
1861,9,0
1862,25,0
1863,24,0
1864,21,0
1865,19,0
1866,38,0
1867,11,0
1868,46,0
1869,12,0
1870,31,0
1871,11,0
1872,49,0
1873,7,0
1874,19,0
1875,24,0
1876,25,0
1877,42,0
1878,7,0
1879,16,0
1880,39,0
1881,29,0
1882,16,0
1883,24,0
1884,7,0
1885,16,0
1886,52,0
1887,135,0
1888,15,0
1889,30,0
1890,27,0
1891,29,0
1892,36,0
1893,25,0
1894,47,0
1895,29,0
1896,49,0
1897,26,0
1898,52,0
1899,23,0
1900,79,0
1901,19,0
1902,17,0
1903,34,0
1904,12,0
1905,26,0
1906,32,0
1907,53,0
1908,43,0
1909,15,0
1910,16,0
1911,14,0
1912,80,0
1913,19,0
1914,17,0
1915,15,0
1916,16,0
1917,16,0
1918,16,0
1919,16,0
1920,127,0
1921,11,0
1922,62,0
1923,109,0
1924,53,0
1925,26,0
1926,37,0
1927,9,0
1928,34,0
1929,19,0
1930,15,0
1931,91,0
1932,28,0
1933,23,0
1934,29,0
1935,37,0
1936,16,0
1937,100,0
1938,43,0
1939,20,0
1940,44,0
1941,47,0
1942,18,0
1943,85,0
1944,46,0
1945,41,0
1946,7,0
1947,46,0
1948,36,0
1949,12,0
1950,15,0
1951,39,0
1952,43,0
1953,20,0
1954,24,0
1955,13,0
1956,21,0
1957,40,0
1958,55,0
1959,39,0
1960,63,0
1961,60,0
1962,9,0
1963,46,0
1964,22,0
1965,34,0
1966,23,0
1967,68,0
1968,15,0
1969,13,0
1970,11,0
1971,18,0
1972,13,0
1973,32,0
1974,27,0
1975,44,0
1976,28,0
1977,21,0
1978,9,0
1979,50,0
1980,18,0
1981,65,0
1982,51,0
1983,36,0
1984,15,0
1985,13,0
1986,22,0
1987,17,0
1988,24,0
1989,20,0
1990,23,0
1991,32,0
1992,18,0
1993,21,0
1994,11,0
1995,46,0
1996,19,0
1997,35,0
1998,28,0
1999,26,0
2000,42,0
2001,35,0
2002,140,0
2003,19,0
2004,107,0
2005,8,0
2006,17,0
2007,8,0
2008,65,0
2009,35,0
2010,17,0
2011,19,0
2012,13,0
2013,80,0
2014,16,0
2015,29,0
2016,165,0
2017,19,0
2018,85,0
2019,7,0
2020,31,0
2021,40,0
2022,44,0
2023,22,0
2024,14,0
2025,28,0
2026,13,0
2027,49,0
2028,26,0
2029,34,0
2030,21,0
2031,53,0
2032,49,0
2033,12,0
2034,31,0
2035,22,0
2036,7,0
2037,15,0
2038,26,0
2039,22,0
2040,43,0
2041,48,0
2042,27,0
2043,57,0
2044,9,0
2045,33,0
2046,9,0
2047,9,0
2048,20,0
2049,39,0
2050,12,0
2051,24,0
2052,15,0
2053,19,0
2054,21,0
2055,17,0
2056,50,0
2057,27,0
2058,37,0
2059,6,0
2060,51,0
2061,11,0
2062,27,0
2063,28,0
2064,33,0
2065,29,0
2066,21,0
2067,13,0
2068,45,0
2069,18,0
2070,27,0
2071,12,0
2072,65,0
2073,49,0
2074,5,0
2075,10,0
2076,77,0
2077,51,0
2078,44,0
2079,39,0
2080,34,0
2081,26,0
2082,43,0
2083,69,0
2084,25,0
2085,36,0
2086,14,0
2087,18,0
2088,13,0
2089,57,0
2090,36,0
2091,35,0
2092,36,0
2093,7,0
2094,89,0
2095,11,0
2096,19,0
2097,39,0
2098,71,0
2099,114,0
2100,15,0
2101,88,0
2102,33,0
2103,101,0
2104,71,0
2105,7,0
2106,73,0
2107,12,0
2108,84,0
2109,23,0
2110,18,0
2111,19,0
2112,23,0
2113,39,0
2114,78,0
2115,13,0
2116,9,0
2117,38,0
2118,21,0
2119,46,0
2120,29,0
2121,25,0
2122,5,0
2123,9,0
2124,46,0
2125,15,0
2126,30,0
2127,14,0
2128,15,0
2129,26,0
2130,25,0
2131,22,0
2132,32,0
2133,14,0
2134,14,0
2135,19,0
2136,14,0
2137,11,0
2138,16,0
2139,10,0
2140,37,0
2141,38,0
2142,41,0
2143,31,0
2144,56,0
2145,96,0
2146,20,0
2147,39,0
2148,17,0
2149,6,0
2150,35,0
2151,58,0
2152,42,0
2153,28,0
2154,17,0
2155,21,0
2156,74,0
2157,13,0
2158,72,0
2159,10,0
2160,16,0
2161,9,0
2162,12,0
2163,40,0
2164,25,0
2165,18,0
2166,11,0
2167,28,0
2168,29,0
2169,100,0
2170,13,0
2171,28,0
2172,9,0
2173,12,0
2174,27,0
2175,11,0
2176,38,0
2177,12,0
2178,13,0
2179,14,0
2180,24,0
2181,56,0
2182,17,0
2183,34,0
2184,11,0
2185,43,0
2186,9,0
2187,20,0
2188,9,0
2189,16,0
2190,30,0
2191,33,0
2192,17,0
2193,18,0
2194,25,0
2195,77,0
2196,36,0
2197,26,0
2198,15,0
2199,95,0
2200,7,0
2201,26,0
2202,13,0
2203,14,0
2204,31,0
2205,24,0
2206,21,0
2207,19,0
2208,10,0
2209,22,0
2210,58,0
2211,26,0
2212,68,0
2213,26,0
2214,42,0
2215,86,0
2216,37,0
2217,11,0
2218,57,0
2219,42,0
2220,23,0
2221,19,0
2222,11,0
2223,31,0
2224,36,0
2225,16,0
2226,8,0
2227,66,0
2228,18,0
2229,36,0
2230,57,0
2231,31,0
2232,9,0
2233,17,0
2234,5,0
2235,36,0
2236,24,0
2237,68,0
2238,20,0
2239,59,0
2240,23,0
2241,38,0
2242,45,0
2243,36,0
2244,28,0
2245,27,0
2246,15,0
2247,47,0
2248,51,0
2249,26,0
2250,39,0
2251,22,0
2252,17,0
2253,46,0
2254,22,0
2255,41,0
2256,128,0
2257,45,0
2258,44,0
2259,77,0
2260,54,0
2261,23,0
2262,5,0
2263,10,0
2264,35,0
2265,7,0
2266,37,0
2267,19,0
2268,27,0
2269,43,0
2270,38,0
2271,33,0
2272,24,0
2273,79,0
2274,33,0
2275,19,0
2276,13,0
2277,36,0
2278,21,0
2279,39,0
2280,26,0
2281,22,0
2282,12,0
2283,19,0
2284,22,0
2285,39,0
2286,8,0
2287,14,0
2288,28,0
2289,16,0
2290,17,0
2291,24,0
2292,42,0
2293,74,0
2294,25,0
2295,64,0
2296,38,0
2297,35,0
2298,30,0
2299,12,0
2300,28,0
2301,105,0
2302,85,0
2303,33,0
2304,36,0
2305,7,0
2306,32,0
2307,7,0
2308,20,0
2309,37,0
2310,15,0
2311,69,0
2312,22,0
2313,75,0
2314,12,0
2315,12,0
2316,31,0
2317,18,0
2318,34,0
2319,16,0
2320,38,0
2321,95,0
2322,15,0
2323,9,0
2324,37,0
2325,10,0
2326,10,0
2327,78,0
2328,26,0
2329,43,0
2330,22,0
2331,12,0
2332,18,0
2333,50,0
2334,16,0
2335,42,0
2336,18,0
2337,30,0
2338,39,0
2339,35,0
2340,9,0
2341,44,0
2342,13,0
2343,62,0
2344,59,0
2345,17,0
2346,15,0
2347,51,0
2348,73,0
2349,63,0
2350,18,0
2351,12,0
2352,78,0
2353,26,0
2354,27,0
2355,44,0
2356,105,0
2357,7,0
2358,10,0
2359,43,0
2360,40,0
2361,14,0
2362,21,0
2363,44,0
2364,45,0
2365,51,0
2366,13,0
2367,13,0
2368,74,0
2369,51,0
2370,91,0
2371,19,0
2372,23,0
2373,37,0
2374,21,0
2375,16,0
2376,27,0
2377,51,0
2378,41,0
2379,33,0
2380,16,0
2381,47,0
2382,41,0
2383,46,0
2384,34,0
2385,45,0
2386,38,0
2387,25,0
2388,52,0
2389,22,0
2390,43,0
2391,13,0
2392,15,0
2393,76,0
2394,17,0
2395,63,0
2396,44,0
2397,44,0
2398,15,0
2399,29,0
2400,36,0
2401,21,0
2402,27,0
2403,20,0
2404,15,0
2405,58,0
2406,12,0
2407,10,0
2408,12,0
2409,18,0
2410,31,0
2411,11,0
2412,51,0
2413,38,0
2414,36,0
2415,86,0
2416,33,0
2417,43,0
2418,68,0
2419,11,0
2420,37,0
2421,36,0
2422,49,0
2423,20,0
2424,37,0
2425,19,0
2426,62,0
2427,24,0
2428,48,0
2429,42,0
2430,47,0
2431,20,0
2432,121,0
2433,33,0
2434,15,0
2435,11,0
2436,7,0
2437,40,0
2438,13,0
2439,43,0
2440,64,0
2441,18,0
2442,30,0
2443,20,0
2444,46,0
2445,32,0
2446,56,0
2447,102,0
2448,21,0
2449,34,0
2450,48,0
2451,6,0
2452,13,0
2453,45,0
2454,26,0
2455,40,0
2456,9,0
2457,34,0
2458,10,0
2459,34,0
2460,64,0
2461,30,0
2462,8,0
2463,9,0
2464,19,0
2465,38,0
2466,100,0
2467,32,0
2468,16,0
2469,17,0
2470,37,0
2471,69,0
2472,15,0
2473,29,0
2474,54,0
2475,31,0
2476,35,0
2477,14,0
2478,36,0
2479,23,0
2480,38,0
2481,48,0
2482,41,0
2483,21,0
2484,13,0
2485,23,0
2486,21,0
2487,16,0
2488,120,0
2489,10,0
2490,35,0
2491,27,0
2492,56,0
2493,13,0
2494,20,0
2495,8,0
2496,48,0
2497,19,0
2498,21,0
2499,37,0
2500,28,0
2501,28,0
2502,37,0
2503,45,0
2504,56,0
2505,9,0
2506,18,0
2507,8,0
2508,14,0
2509,18,0
2510,23,0
2511,61,0
2512,36,0
2513,20,0
2514,74,0
2515,75,0
2516,6,0
2517,12,0
2518,7,0
2519,179,0
2520,17,0
2521,34,0
2522,22,0
2523,9,0
2524,66,0
2525,101,0
2526,66,0
2527,34,0
2528,59,0
2529,20,0
2530,8,0
2531,30,0
2532,55,0
2533,52,0
2534,28,0
2535,12,0
2536,19,0
2537,30,0
2538,46,0
2539,33,0
2540,15,0
2541,11,0
2542,17,0
2543,79,0
2544,48,0
2545,30,0
2546,9,0
2547,49,0
2548,24,0
2549,29,0
2550,13,0
2551,29,0
2552,45,0
2553,37,0
2554,17,0
2555,15,0
2556,12,0
2557,30,0
2558,31,0
2559,10,0
2560,51,0
2561,26,0
2562,31,0
2563,15,0
2564,37,0
2565,27,0
2566,23,0
2567,55,0
2568,10,0
2569,16,0
2570,30,0
2571,71,0
2572,41,0
2573,22,0
2574,37,0
2575,19,0
2576,67,0
2577,18,0
2578,32,0
2579,19,0
2580,26,0
2581,46,0
2582,35,0
2583,14,0
2584,14,0
2585,62,0
2586,43,0
2587,23,0
2588,23,0
2589,66,0
2590,67,0
2591,33,0
2592,76,0
2593,21,0
2594,43,0
2595,12,0
2596,32,0
2597,17,0
2598,14,0
2599,40,0
2600,30,0
2601,44,0
2602,39,0
2603,83,0
2604,52,0
2605,46,0
2606,43,0
2607,16,0
2608,15,0
2609,15,0
2610,22,0
2611,9,0
2612,35,0
2613,91,0
2614,6,0
2615,9,0
2616,138,1
2617,79,0
2618,70,0
2619,126,0
2620,71,0
2621,187,1
2622,23,1
2623,19,1
2624,109,0
2625,34,1
2626,89,1
2627,97,1
2628,130,1
2629,78,0
2630,89,1
2631,83,1
2632,96,1
2633,139,1
2634,100,1
2635,34,0
2636,37,1
2637,45,1
2638,53,1
2639,39,1
2640,67,1
2641,52,1
2642,34,1
2643,41,1
2644,52,1
2645,68,1
2646,88,1
2647,60,1
2648,52,1
2649,83,0
2650,107,1
2651,152,1
2652,114,1
2653,56,1
2654,59,1
2655,76,1
2656,33,1
2657,144,1
2658,60,1
2659,72,1
2660,154,1
2661,147,1
2662,107,1
2663,70,1
2664,64,1
2665,90,1
2666,47,1
2667,85,1
2668,37,1
2669,66,1
2670,55,1
2671,80,1
2672,68,1
2673,167,1
2674,200,0
2675,171,1
2676,26,1
2677,59,1
2678,37,1
2679,36,0
2680,130,1
2681,73,1
2682,50,1
2683,100,1
2684,29,1
2685,132,1
2686,44,1
2687,71,1
2688,62,1
2689,72,1
2690,93,1
2691,149,1
2692,71,1
2693,64,1
2694,45,1
2695,122,1
2696,61,1
2697,63,1
2698,102,1
2699,147,0
2700,128,1
2701,93,0
2702,179,1
2703,115,1
2704,91,1
2705,58,1
2706,87,1
2707,75,1
2708,173,1
2709,68,1
2710,76,1
2711,35,1
2712,154,1
2713,36,0
2714,68,1
2715,53,1
2716,88,1
2717,34,0
2718,105,1
2719,95,0
2720,30,1
2721,87,1
2722,61,1
2723,50,1
2724,63,1
2725,200,0
2726,173,1
2727,51,1
2728,194,1
2729,169,1
2730,148,1
2731,191,1
2732,54,0
2733,47,1
2734,74,1
2735,106,1
2736,59,1
2737,33,1
2738,50,1
2739,56,1
2740,173,1
2741,59,1
2742,75,1
2743,59,1
2744,200,0
2745,29,1
2746,162,1
2747,60,1
2748,40,1
2749,120,1
2750,88,1
2751,107,1
2752,50,1
2753,68,1
2754,54,1
2755,96,1
2756,94,1
2757,58,0
2758,92,1
2759,40,1
2760,43,0
2761,118,1
2762,200,0
2763,51,1
2764,138,1
2765,68,0
2766,70,0
2767,95,1
2768,105,1
2769,53,1
2770,152,1
2771,49,0
2772,71,1
2773,58,1
2774,99,1
2775,131,1
2776,100,1
2777,46,1
2778,167,1
2779,67,1
2780,48,1
2781,143,0
2782,144,0
2783,140,1
2784,200,0
2785,125,1
2786,62,1
2787,121,1
2788,100,1
2789,149,1
2790,97,1
2791,34,1
2792,29,0
2793,200,0
2794,185,1
2795,200,0
2796,33,0
2797,165,1
2798,169,1
2799,95,1
2800,97,1
2801,200,0
2802,57,1
2803,74,1
2804,104,1
2805,200,0
2806,172,1
2807,161,1
2808,80,1
2809,89,0
2810,117,1
2811,200,0
2812,174,1
2813,125,1
2814,89,0
2815,200,0
2816,42,1
2817,54,1
2818,75,1
2819,88,0
2820,60,1
2821,132,1
2822,153,1
2823,54,1
2824,97,1
2825,156,1
2826,49,1
2827,59,1
2828,114,1
2829,90,1
2830,45,0
2831,177,1
2832,81,1
2833,92,1
2834,82,1
2835,46,1
2836,63,1
2837,84,1
2838,162,1
2839,62,1
2840,45,1
2841,92,1
2842,173,1
2843,78,1
2844,200,0
2845,73,0
2846,72,1
2847,177,1
2848,200,0
2849,53,1
2850,105,1
2851,104,1
2852,43,1
2853,124,1
2854,140,1
2855,158,1
2856,69,1
2857,132,1
2858,113,1
2859,41,1
2860,55,1
2861,54,1
2862,82,1
2863,161,1
2864,172,1
2865,47,1
2866,75,1
2867,140,1
2868,34,1
2869,130,1
2870,181,1
2871,158,1
2872,38,1
2873,40,1
2874,50,1
2875,117,0
2876,52,1
2877,111,1
2878,144,1
2879,84,1
2880,51,1
2881,81,1
2882,69,1
2883,189,1
2884,53,1
2885,121,1
2886,71,1
2887,61,1
2888,63,1
2889,51,1
2890,142,1
2891,20,0
2892,157,1
2893,187,1
2894,100,1
2895,119,1
2896,123,1
2897,47,1
2898,87,1
2899,83,1
2900,95,1
2901,200,0
2902,184,1
2903,200,0
2904,141,1
2905,49,1
2906,94,1
2907,146,0
2908,106,1
2909,28,0
2910,81,1
2911,75,0
2912,58,1
2913,87,1
2914,155,1
2915,72,1
2916,53,1
2917,29,1
2918,91,1
2919,52,1
2920,35,1
2921,69,1
2922,116,1
2923,100,1
2924,115,1
2925,127,1
2926,110,0
2927,38,1
2928,149,1
2929,67,1
2930,94,1
2931,166,1
2932,200,0
2933,173,1
2934,130,1
2935,64,1
2936,64,1
2937,140,1
2938,141,1
2939,97,1
2940,62,1
2941,53,1
2942,80,1
2943,68,1
2944,51,1
2945,200,0
2946,145,1
2947,200,0
2948,57,0
2949,200,0
2950,157,1
2951,62,1
2952,126,1
2953,57,1
2954,56,1
2955,109,1
2956,107,1
2957,74,1
2958,69,1
2959,65,1
2960,60,1
2961,74,1
2962,59,1
2963,81,1
2964,63,1
2965,157,1
2966,54,1
2967,100,1
2968,30,1
2969,82,1
2970,74,1
2971,67,1
2972,181,1
2973,76,1
2974,60,1
2975,140,0
2976,138,1
2977,68,0
2978,90,1
2979,41,0
2980,116,1
2981,118,1
2982,139,1
2983,118,1
2984,88,0
2985,150,1
2986,25,1
2987,68,1
2988,79,1
2989,53,1
2990,138,1
2991,68,1
2992,92,1
2993,90,1
2994,200,0
2995,52,1
2996,120,1
2997,54,1
2998,123,1
2999,47,1
3000,32,1
3001,149,1
3002,50,1
3003,132,1
3004,71,1
3005,140,1
3006,23,1
3007,73,1
3008,64,1
3009,24,1
3010,46,1
3011,103,1
3012,54,1
3013,33,1
3014,39,1
3015,183,1
3016,31,1
3017,51,1
3018,99,1
3019,98,1
3020,200,0
3021,133,1
3022,36,1
3023,61,1
3024,177,1
3025,68,1
3026,91,1
3027,53,1
3028,200,0
3029,81,1
3030,28,1
3031,29,1
3032,154,1
3033,65,1
3034,58,1
3035,77,1
3036,54,1
3037,114,1
3038,33,0
3039,199,1
3040,50,1
3041,200,0
3042,49,1
3043,57,1
3044,77,1
3045,114,1
3046,23,1
3047,55,1
3048,61,1
3049,92,1
3050,79,0
3051,195,1
3052,200,0
3053,174,1
3054,101,1
3055,31,1
3056,77,1
3057,72,1
3058,143,1
3059,140,1
3060,32,1
3061,99,0
3062,196,1
3063,71,1
3064,68,1
3065,153,0
3066,76,1
3067,151,1
3068,59,1
3069,47,0
3070,74,1
3071,82,1
3072,60,1
3073,36,1
3074,91,1
3075,68,1
3076,62,1
3077,42,1
3078,200,0
3079,47,1
3080,35,1
3081,109,1
3082,55,1
3083,56,1
3084,152,0
3085,39,1
3086,77,1
3087,68,1
3088,159,1
3089,200,0
3090,83,1
3091,40,1
3092,88,1
3093,53,1
3094,78,1
3095,48,1
3096,52,0
3097,200,0
3098,89,1
3099,42,1
3100,88,1
3101,123,1
3102,65,1
3103,200,0
3104,98,1
3105,128,0
3106,43,1
3107,75,1
3108,49,1
3109,60,1
3110,200,0
3111,85,1
3112,48,1
3113,64,1
3114,200,0
3115,124,1
3116,144,1
3117,72,0
3118,133,1
3119,106,1
3120,127,1
3121,39,1
3122,86,1
3123,120,1
3124,46,1
3125,52,1
3126,64,1
3127,42,1
3128,61,1
3129,91,1
3130,82,1
3131,42,1
3132,53,1
3133,137,1
3134,32,1
3135,60,1
3136,33,1
3137,200,0
3138,191,1
3139,58,1
3140,92,1
3141,42,1
3142,34,1
3143,74,1
3144,128,1
3145,31,0
3146,47,1
3147,36,1
3148,50,1
3149,150,1
3150,96,1
3151,95,1
3152,64,1
3153,108,1
3154,56,1
3155,25,0
3156,124,0
3157,200,0
3158,40,1
3159,97,1
3160,95,1
3161,76,1
3162,200,0
3163,52,1
3164,200,0
3165,79,1
3166,55,0
3167,41,1
3168,113,1
3169,123,1
3170,94,1
3171,144,1
3172,73,1
3173,94,1
3174,57,1
3175,68,1
3176,106,1
3177,47,0
3178,170,1
3179,88,1
3180,106,1
3181,168,1
3182,119,1
3183,109,1
3184,120,1
3185,107,1
3186,51,1
3187,44,1
3188,33,1
3189,58,1
3190,151,1
3191,200,0
3192,65,1
3193,97,1
3194,200,0
3195,61,1
3196,40,1
3197,200,0
3198,129,1
3199,145,1
3200,53,1
3201,77,1
3202,117,1
3203,111,1
3204,65,1
3205,67,1
3206,147,1
3207,35,1
3208,37,1
3209,82,1
3210,49,1
3211,30,0
3212,174,1
3213,53,1
3214,92,1
3215,150,1
3216,66,0
3217,144,1
3218,68,1
3219,57,0
3220,145,1
3221,123,1
3222,166,1
3223,170,1
3224,18,0
3225,116,1
3226,131,1
3227,200,0
3228,156,1
3229,77,1
3230,172,1
3231,172,1
3232,125,1
3233,42,1
3234,135,1
3235,86,1
3236,111,1
3237,55,1
3238,107,1
3239,200,0
3240,38,1
3241,49,1
3242,74,1
3243,99,1
3244,59,1
3245,83,1
3246,47,1
3247,129,1
3248,106,1
3249,53,1
3250,113,1
3251,39,1
3252,96,1
3253,173,0
3254,64,1
3255,118,1
3256,185,1
3257,76,1
3258,200,0
3259,99,1
3260,79,0
3261,200,0
3262,52,1
3263,97,1
3264,74,1
3265,107,1
3266,120,1
3267,154,1
3268,113,1
3269,135,1
3270,45,1
3271,101,0
3272,178,1
3273,88,1
3274,30,1
3275,55,1
3276,129,1
3277,200,0
3278,104,1
3279,44,1
3280,88,1
3281,76,1
3282,42,1
3283,68,1
3284,92,1
3285,124,1
3286,105,1
3287,87,1
3288,175,1
3289,137,1
3290,84,1
3291,55,1
3292,54,1
3293,129,1
3294,200,0
3295,200,0
3296,76,1
3297,46,1
3298,89,1
3299,61,1
3300,48,1
3301,75,1
3302,41,0
3303,61,1
3304,31,1
3305,120,1
3306,41,0
3307,57,1
3308,61,1
3309,137,1
3310,69,1
3311,39,1
3312,36,1
3313,87,1
3314,81,1
3315,185,1
3316,107,1
3317,48,1
3318,185,1
3319,58,1
3320,62,1
3321,49,1
3322,67,0
3323,80,1
3324,104,1
3325,36,1
3326,39,1
3327,200,0
3328,114,1
3329,38,1
3330,115,1
3331,167,1
3332,47,1
3333,100,1
3334,144,0
3335,110,1
3336,73,1
3337,34,1
3338,48,1
3339,67,1
3340,70,1
3341,93,1
3342,136,1
3343,69,1
3344,158,1
3345,57,1
3346,139,1
3347,35,1
3348,50,1
3349,58,1
3350,153,1
3351,159,0
3352,25,1
3353,56,0
3354,100,1
3355,200,0
3356,82,1
3357,54,1
3358,85,1
3359,116,1
3360,23,1
3361,44,1
3362,121,1
3363,87,1
3364,83,1
3365,93,1
3366,56,1
3367,52,1
3368,62,1
3369,95,1
3370,71,1
3371,93,1
3372,58,1
3373,55,1
3374,82,1
3375,70,0
3376,52,1
3377,111,1
3378,73,1
3379,90,0
3380,99,0
3381,185,1
3382,97,1
3383,148,1
3384,53,1
3385,113,1
3386,88,1
3387,43,1
3388,77,0
3389,37,1
3390,96,1
3391,95,1
3392,31,1
3393,62,1
3394,93,1
3395,52,0
3396,55,1
3397,69,1
3398,64,1
3399,63,1
3400,20,1
3401,80,1
3402,46,0
3403,61,1
3404,73,1
3405,108,1
3406,77,1
3407,139,1
3408,87,1
3409,105,1
3410,49,1
3411,34,1
3412,43,1
3413,197,1
3414,161,1
3415,200,0
3416,62,1
3417,75,1
3418,111,1
3419,111,1
3420,165,1
3421,153,1
3422,128,1
3423,78,1
3424,42,1
3425,200,0
3426,96,1
3427,200,0
3428,102,1
3429,37,1
3430,200,0
3431,38,1
3432,69,1
3433,104,1
3434,94,1
3435,56,1
3436,88,1
3437,47,1
3438,59,1
3439,70,1
3440,84,0
3441,24,0
3442,52,1
3443,112,1
3444,56,1
3445,63,1
3446,136,1
3447,200,0
3448,200,0
3449,96,1
3450,99,1
3451,200,0
3452,99,1
3453,43,1
3454,171,1
3455,80,1
3456,39,0
3457,127,1
3458,75,1
3459,97,1
3460,84,1
3461,65,1
3462,72,1
3463,49,1
3464,41,1
3465,59,1
3466,115,1
3467,91,1
3468,83,1
3469,154,1
3470,106,1
3471,80,1
3472,149,1
3473,140,1
3474,87,1
3475,81,1
3476,93,1
3477,87,1
3478,124,1
3479,91,1
3480,58,1
3481,51,1
3482,161,1
3483,70,1
3484,200,0
3485,142,1
3486,91,1
3487,53,1
3488,44,1
3489,57,1
3490,102,0
3491,120,0
3492,200,0
3493,54,1
3494,66,1
3495,74,1
3496,141,1
3497,17,1
3498,47,1
3499,103,1
3500,100,1
3501,106,1
3502,50,1
3503,74,1
3504,149,1
3505,68,1
3506,122,1
3507,133,1
3508,50,1
3509,75,1
3510,75,1
3511,50,1
3512,33,1
3513,91,1
3514,97,1
3515,23,0
3516,78,1
3517,87,1
3518,86,1
3519,36,1
3520,186,0
3521,145,1
3522,153,1
3523,77,1
3524,118,1
3525,47,1
3526,74,1
3527,109,1
3528,142,1
3529,86,1
3530,57,0
3531,128,1
3532,44,1
3533,41,1
3534,55,0
3535,32,0
3536,200,0
3537,66,1
3538,101,1
3539,49,1
3540,200,0
3541,48,1
3542,63,1
3543,57,1
3544,69,1
3545,200,0
3546,75,1
3547,164,1
3548,31,1
3549,165,1
3550,107,1
3551,113,1
3552,118,1
3553,200,0
3554,60,0
3555,64,1
3556,46,1
3557,47,1
3558,45,0
3559,47,1
3560,50,0
3561,200,0
3562,138,1
3563,131,1
3564,47,0
3565,200,0
3566,54,1
3567,53,1
3568,112,1
3569,80,1
3570,200,0
3571,82,1
3572,41,1
3573,56,1
3574,200,0
3575,78,1
3576,36,1
3577,115,1
3578,107,1
3579,143,1
3580,125,1
3581,77,1
3582,75,1
3583,54,1
3584,89,1
3585,167,1
3586,73,1
3587,200,0
3588,105,1
3589,55,1
3590,41,0
3591,59,1
3592,58,1
3593,101,1
3594,38,1
3595,154,1
3596,182,1
3597,145,1
3598,177,1
3599,73,1
3600,57,1
3601,200,0
3602,81,1
3603,40,1
3604,106,1
3605,58,1
3606,35,1
3607,56,0
3608,62,1
3609,36,1
3610,47,1
3611,132,1
3612,52,1
3613,47,1
3614,32,1
3615,38,1
3616,42,1
3617,100,1
3618,102,1
3619,63,1
3620,21,1
3621,29,0
3622,122,1
3623,32,1
3624,130,1
3625,68,1
3626,38,0
3627,83,1
3628,47,1
3629,43,1
3630,138,1
3631,62,1
3632,124,1
3633,62,1
3634,107,1
3635,51,1
3636,200,0
3637,81,1
3638,103,1
3639,45,1
3640,88,1
3641,120,0
3642,58,1
3643,126,1
3644,92,1
3645,85,1
3646,66,0
3647,52,1
3648,62,1
3649,146,1
3650,103,1
3651,107,1
3652,55,1
3653,101,1
3654,35,1
3655,40,1
3656,117,1
3657,86,1
3658,92,1
3659,83,1
3660,50,1
3661,147,1
3662,37,1
3663,64,1
3664,80,1
3665,70,0
3666,179,1
3667,165,1
3668,131,1
3669,146,1
3670,74,1
3671,44,1
3672,49,1
3673,200,0
3674,77,1
3675,59,0
3676,146,1
3677,200,0
3678,80,1
3679,38,1
3680,53,1
3681,150,1
3682,113,1
3683,43,0
3684,49,1
3685,81,1
3686,146,1
3687,102,1
3688,125,1
3689,96,1
3690,96,1
3691,39,1
3692,61,1
3693,93,1
3694,133,1
3695,75,1
3696,200,0
3697,103,1
3698,108,1
3699,82,1
3700,200,0
3701,90,1
3702,87,1
3703,75,1
3704,71,1
3705,84,1
3706,42,1
3707,144,0
3708,135,1
3709,54,1
3710,59,1
3711,39,1
3712,57,1
3713,52,1
3714,111,1
3715,85,1
3716,23,1
3717,81,1
3718,200,0
3719,53,1
3720,200,0
3721,184,1
3722,187,1
3723,77,1
3724,105,1
3725,94,1
3726,86,1
3727,68,0
3728,107,1
3729,69,0
3730,88,1
3731,44,1
3732,164,1
3733,200,0
3734,138,0
3735,76,1
3736,80,1
3737,80,1
3738,187,1
3739,102,1
3740,90,1
3741,200,0
3742,64,1
3743,47,1
3744,135,1
3745,110,0
3746,62,1
3747,200,0
3748,96,1
3749,25,0
3750,100,1
3751,200,0
3752,39,1
3753,58,1
3754,165,1
3755,44,0
3756,153,1
3757,54,1
3758,67,0
3759,79,1
3760,46,1
3761,55,1
3762,51,1
3763,47,1
3764,110,1
3765,106,1
3766,99,1
3767,64,1
3768,122,1
3769,22,1
3770,162,1
3771,73,1
3772,48,1
3773,172,1
3774,104,1
3775,58,1
3776,48,0
3777,135,1
3778,50,1
3779,74,1
3780,86,1
3781,89,1
3782,153,1
3783,74,1
3784,123,1
3785,41,1
3786,62,1
3787,65,1
3788,103,1
3789,105,1
3790,152,1
3791,56,1
3792,77,1
3793,200,0
3794,58,1
3795,104,1
3796,94,1
3797,91,1
3798,73,1
3799,45,1
3800,56,1
3801,170,1
3802,37,1
3803,76,1
3804,70,1
3805,200,0
3806,139,1
3807,200,1
3808,50,1
3809,110,1
3810,71,1
3811,188,1
3812,113,1
3813,91,1
3814,80,1
3815,200,0
3816,49,1
3817,74,1
3818,105,1
3819,96,1
3820,76,0
3821,39,1
3822,103,1
3823,106,1
3824,109,1
3825,128,1
3826,140,1
3827,62,1
3828,101,1
3829,84,1
3830,70,1
3831,104,1
3832,44,0
3833,186,1
3834,93,1
3835,91,1
3836,52,1
3837,65,1
3838,22,1
3839,47,1
3840,54,1
3841,41,1
3842,43,1
3843,37,1
3844,115,1
3845,108,1
3846,122,1
3847,60,1
3848,138,1
3849,47,1
3850,171,1
3851,200,0
3852,121,1
3853,44,1
3854,118,1
3855,40,0
3856,33,1
3857,65,0
3858,57,0
3859,106,1
3860,48,1
3861,200,0
3862,23,1
3863,137,1
3864,49,1
3865,82,1
3866,77,1
3867,117,1
3868,66,1
3869,159,1
3870,124,0
3871,35,1
3872,63,1
3873,141,1
3874,178,1
3875,65,1
3876,34,1
3877,71,0
3878,60,0
3879,88,1
3880,86,1
3881,89,1
3882,62,1
3883,180,1
3884,87,1
3885,199,1
3886,82,1
3887,122,1
3888,63,1
3889,145,1
3890,75,1
3891,94,1
3892,64,1
3893,81,1
3894,74,1
3895,87,1
3896,74,1
3897,62,1
3898,114,1
3899,200,0
3900,122,1
3901,88,1
3902,75,1
3903,54,1
3904,70,1
3905,72,1
3906,45,1
3907,175,1
3908,64,1
3909,98,1
3910,200,0
3911,44,1
3912,86,1
3913,170,1
3914,30,1
3915,200,0
3916,200,0
3917,65,1
3918,80,1
3919,94,1
3920,141,1
3921,60,1
3922,155,1
3923,119,1
3924,128,1
3925,112,1
3926,64,1
3927,68,1
3928,80,1
3929,78,1
3930,124,1
3931,66,1
3932,103,1
3933,78,1
3934,98,1
3935,50,1
3936,44,1
3937,78,1
3938,32,1
3939,67,1
3940,96,1
3941,76,1
3942,138,1
3943,32,1
3944,33,1
3945,92,1
3946,76,1
3947,24,0
3948,53,1
3949,104,1
3950,48,0
3951,68,1
3952,150,1
3953,185,1
3954,44,1
3955,42,1
3956,31,1
3957,91,1
3958,59,1
3959,108,0
3960,73,1
3961,168,1
3962,127,1
3963,156,1
3964,53,1
3965,51,1
3966,55,1
3967,110,1
3968,89,0
3969,89,0
3970,40,0
3971,108,1
3972,157,1
3973,156,1
3974,55,1
3975,118,1
3976,115,1
3977,38,1
3978,106,1
3979,78,1
3980,200,0
3981,38,1
3982,101,1
3983,53,0
3984,70,1
3985,96,1
3986,85,1
3987,71,1
3988,79,1
3989,107,1
3990,115,1
3991,132,1
3992,108,0
3993,200,0
3994,44,1
3995,56,1
3996,43,1
3997,158,1
3998,83,1
3999,81,1
4000,77,1
4001,168,1
4002,47,1
4003,41,0
4004,58,1
4005,47,1
4006,102,1
4007,121,1
4008,37,1
4009,136,1
4010,200,0
4011,85,1
4012,81,1
4013,57,0
4014,116,1
4015,137,1
4016,82,1
4017,63,1
4018,75,1
4019,57,1
4020,52,0
4021,52,1
4022,49,1
4023,52,1
4024,38,1
4025,29,1
4026,121,1
4027,49,1
4028,173,1
4029,74,1
4030,97,1
4031,92,1
4032,150,1
4033,104,1
4034,181,1
4035,75,1
4036,46,1
4037,43,1
4038,136,1
4039,179,1
4040,41,1
4041,67,1
4042,131,1
4043,129,1
4044,185,1
4045,118,1
4046,86,1
4047,70,1
4048,176,1
4049,111,1
4050,38,1
4051,49,0
4052,118,1
4053,100,1
4054,56,1
4055,200,0
4056,117,1
4057,53,1
4058,83,1
4059,47,1
4060,57,1
4061,83,1
4062,126,1
4063,122,1
4064,46,1
4065,42,1
4066,72,1
4067,52,1
4068,168,1
4069,65,1
4070,61,1
4071,64,1
4072,22,1
4073,51,1
4074,98,1
4075,47,1
4076,122,1
4077,113,0
4078,96,1
4079,83,1
4080,80,0
4081,38,1
4082,114,1
4083,95,1
4084,200,0
4085,44,1
4086,47,1
4087,135,0
4088,55,1
4089,90,0
4090,75,1
4091,81,1
4092,86,0
4093,130,1
4094,185,1
4095,75,0
4096,51,1
4097,95,1
4098,145,1
4099,120,1
4100,66,1
4101,101,1
4102,62,1
4103,111,1
4104,137,1
4105,67,1
4106,149,1
4107,75,1
4108,62,1
4109,91,1
4110,50,1
4111,71,1
4112,60,1
4113,139,1
4114,46,1
4115,45,1
4116,53,1
4117,47,1
4118,126,1
4119,57,1
4120,137,1
4121,136,1
4122,131,1
4123,96,1
4124,200,0
4125,62,1
4126,108,1
4127,176,1
4128,200,0
4129,123,0
4130,200,0
4131,86,1
4132,45,1
4133,55,1
4134,48,1
4135,56,1
4136,101,1
4137,72,1
4138,79,1
4139,131,1
4140,135,1
4141,51,1
4142,48,1
4143,37,1
4144,86,1
4145,79,1
4146,120,1
4147,126,1
4148,108,0
4149,64,1
4150,87,1
4151,66,1
4152,101,1
4153,32,1
4154,66,1
4155,126,1
4156,132,1
4157,165,1
4158,50,1
4159,50,1
4160,130,1
4161,131,1
4162,66,1
4163,79,1
4164,32,1
4165,44,1
4166,113,1
4167,51,0
4168,155,1
4169,126,1
4170,141,1
4171,200,0
4172,52,1
4173,94,0
4174,38,1
4175,83,1
4176,74,1
4177,71,1
4178,80,1
4179,93,1
4180,104,1
4181,53,1
4182,48,1
4183,200,0
4184,60,1
4185,33,1
4186,200,0
4187,37,0
4188,45,1
4189,47,1
4190,50,1
4191,61,1
4192,77,1
4193,131,1
4194,175,1
4195,29,1
4196,36,1
4197,116,0
4198,99,1
4199,78,1
4200,111,1
4201,104,1
4202,96,1
4203,38,0
4204,60,1
4205,137,1
4206,49,1
4207,68,1
4208,110,1
4209,29,1
4210,64,1
4211,67,0
4212,123,1
4213,72,1
4214,71,1
4215,142,1
4216,104,1
4217,62,1
4218,81,1
4219,86,1
4220,80,1
4221,92,1
4222,47,1
4223,60,1
4224,67,1
4225,61,1
4226,49,1
4227,48,1
4228,62,1
4229,200,0
4230,56,1
4231,108,1
4232,82,1
4233,59,1
4234,88,1
4235,51,1
4236,200,0
4237,189,1
4238,86,1
4239,87,1
4240,108,1
4241,62,1
4242,113,1
4243,92,1
4244,200,0
4245,200,0
4246,177,1
4247,46,1
4248,65,1
4249,66,1
4250,69,0
4251,115,1
4252,94,1
4253,138,1
4254,92,0
4255,42,1
4256,75,1
4257,200,0
4258,112,1
4259,98,1
4260,200,0
4261,178,1
4262,41,1
4263,100,1
4264,91,1
4265,110,1
4266,164,1
4267,52,1
4268,107,1
4269,117,0
4270,40,1
4271,93,1
4272,125,1
4273,139,1
4274,173,1
4275,95,1
4276,111,1
4277,21,1
4278,100,1
4279,93,1
4280,112,1
4281,159,1
4282,80,1
4283,147,1
4284,84,1
4285,55,1
4286,54,0
4287,200,0
4288,122,1
4289,49,1
4290,87,1
4291,76,1
4292,75,1
4293,53,1
4294,74,1
4295,96,0
4296,101,1
4297,75,1
4298,36,1
4299,47,0
4300,44,1
4301,140,0
4302,68,1
4303,25,0
4304,79,1
4305,51,1
4306,150,1
4307,49,1
4308,113,1
4309,64,1
4310,70,1
4311,179,1
4312,52,1
4313,88,1
4314,106,1
4315,51,1
4316,50,1
4317,154,1
4318,64,1
4319,139,1
4320,55,1
4321,120,0
4322,61,1
4323,59,1
4324,83,1
4325,200,0
4326,95,1
4327,123,1
4328,52,1
4329,92,1
4330,46,1
4331,98,1
4332,81,1
4333,74,1
4334,132,1
4335,72,1
4336,44,1
4337,53,1
4338,36,1
4339,179,1
4340,94,1
4341,39,1
4342,98,0
4343,49,1
4344,162,1
4345,59,1
4346,42,1
4347,42,0
4348,115,1
4349,71,1
4350,42,1
4351,53,1
4352,134,1
4353,104,1
4354,68,1
4355,126,1
4356,99,1
4357,153,1
4358,54,1
4359,94,1
4360,81,1
4361,44,1
4362,130,1
4363,41,1
4364,181,1
4365,200,0
4366,27,1
4367,40,1
4368,69,1
4369,56,1
4370,142,1
4371,34,1
4372,108,1
4373,55,1
4374,64,1
4375,52,0
4376,31,1
4377,88,1
4378,127,1
4379,113,1
4380,91,1
4381,155,0
4382,154,1
4383,120,1
4384,83,1
4385,30,1
4386,41,1
4387,52,0
4388,70,1
4389,48,1
4390,124,1
4391,46,0
4392,140,1
4393,80,1
4394,52,1
4395,59,1
4396,42,0
4397,51,1
4398,43,0
4399,141,1
4400,108,1
4401,200,0
4402,105,1
4403,37,1
4404,76,1
4405,62,1
4406,101,1
4407,148,1
4408,96,1
4409,57,1
4410,200,0
4411,43,0
4412,44,1
4413,109,1
4414,56,1
4415,81,1
4416,21,1
4417,162,1
4418,71,1
4419,133,1
4420,67,1
4421,55,1
4422,73,1
4423,32,1
4424,75,1
4425,71,1
4426,60,1
4427,83,1
4428,200,0
4429,65,1
4430,71,1
4431,125,1
4432,80,1
4433,45,1
4434,200,0
4435,107,1
4436,200,0
4437,75,1
4438,83,1
4439,50,1
4440,32,1
4441,75,1
4442,102,0
4443,153,1
4444,200,0
4445,58,1
4446,87,1
4447,54,1
4448,52,1
4449,51,1
4450,59,0
4451,41,1
4452,106,1
4453,126,1
4454,200,0
4455,58,1
4456,73,1
4457,167,1
4458,112,1
4459,47,1
4460,82,1
4461,52,1
4462,44,1
4463,73,1
4464,162,1
4465,83,1
4466,133,1
4467,81,1
4468,166,1
4469,152,1
4470,79,1
4471,48,1
4472,62,1
4473,121,1
4474,111,1
4475,86,1
4476,27,0
4477,122,1
4478,46,1
4479,51,1
4480,58,1
4481,128,1
4482,200,0
4483,36,1
4484,48,0
4485,66,1
4486,56,1
4487,58,1
4488,91,1
4489,113,1
4490,40,1
4491,139,1
4492,146,1
4493,99,1
4494,145,1
4495,109,0
4496,90,1
4497,68,0
4498,80,1
4499,151,1
4500,29,1
4501,64,1
4502,52,0
4503,109,1
4504,89,1
4505,88,1
4506,49,1
4507,50,1
4508,43,1
4509,58,1
4510,138,1
4511,200,0
4512,50,1
4513,56,1
4514,200,0
4515,67,1
4516,40,1
4517,134,1
4518,63,1
4519,200,0
4520,64,1
4521,54,1
4522,47,1
4523,87,1
4524,53,1
4525,95,1
4526,112,1
4527,65,1
4528,200,0
4529,126,1
4530,156,1
4531,25,0
4532,77,1
4533,34,1
4534,69,1
4535,126,0
4536,47,1
4537,132,1
4538,90,1
4539,98,1
4540,146,1
4541,81,1
4542,77,1
4543,159,1
4544,33,1
4545,54,1
4546,99,1
4547,83,1
4548,64,1
4549,83,1
4550,36,1
4551,34,1
4552,40,1
4553,65,1
4554,30,1
4555,97,1
4556,86,1
4557,92,1
4558,79,1
4559,103,1
4560,97,1
4561,90,1
4562,83,1
4563,83,1
4564,200,0
4565,200,0
4566,104,0
4567,27,1
4568,117,1
4569,57,1
4570,32,1
4571,32,1
4572,181,1
4573,129,0
4574,117,1
4575,166,1
4576,184,1
4577,57,1
4578,156,1
4579,85,1
4580,57,1
4581,28,1
4582,38,1
4583,112,1
4584,45,1
4585,42,1
4586,48,0
4587,172,1
4588,50,1
4589,56,0
4590,37,1
4591,34,1
4592,91,0
4593,133,1
4594,108,0
4595,63,1
4596,98,1
4597,69,1
4598,82,0
4599,94,1
4600,64,1
4601,24,1
4602,101,0
4603,76,1
4604,119,1
4605,70,1
4606,106,1
4607,175,1
4608,25,1
4609,78,1
4610,93,1
4611,176,1
4612,86,0
4613,138,1
4614,113,1
4615,35,1
4616,115,1
4617,105,0
4618,47,1
4619,65,1
4620,53,1
4621,64,0
4622,48,1
4623,112,1
4624,103,1
4625,33,1
4626,70,1
4627,170,0
4628,48,0
4629,179,1
4630,168,1
4631,49,0
4632,51,0
4633,153,1
4634,31,1
4635,28,1
4636,88,1
4637,96,1
4638,28,1
4639,88,1
4640,42,1
4641,105,1
4642,192,1
4643,80,1
4644,99,1
4645,122,1
4646,102,1
4647,68,1
4648,47,1
4649,76,1
4650,87,1
4651,31,1
4652,107,1
4653,139,1
4654,50,1
4655,200,0
4656,84,1
4657,71,1
4658,117,1
4659,67,1
4660,101,0
4661,94,1
4662,99,1
4663,64,1
4664,200,0
4665,30,1
4666,68,1
4667,66,1
4668,200,0
4669,70,1
4670,64,1
4671,61,1
4672,82,1
4673,83,0
4674,44,1
4675,57,1
4676,123,1
4677,141,1
4678,86,1
4679,46,1
4680,132,1
4681,129,1
4682,92,1
4683,36,1
4684,47,1
4685,166,1
4686,93,1
4687,113,1
4688,49,1
4689,81,1
4690,158,1
4691,53,1
4692,113,1
4693,200,0
4694,194,1
4695,80,1
4696,91,1
4697,156,1
4698,200,0
4699,27,0
4700,67,1
4701,132,1
4702,43,1
4703,60,1
4704,28,1
4705,79,1
4706,47,1
4707,141,1
4708,68,1
4709,46,1
4710,145,1
4711,167,1
4712,67,1
4713,64,1
4714,92,1
4715,63,1
4716,37,1
4717,33,1
4718,47,1
4719,57,1
4720,41,1
4721,33,1
4722,27,1
4723,38,1
4724,177,1
4725,99,1
4726,200,0
4727,39,0
4728,102,1
4729,54,1
4730,101,1
4731,105,1
4732,137,1
4733,69,1
4734,28,1
4735,94,1
4736,76,1
4737,53,1
4738,41,1
4739,53,1
4740,200,0
4741,66,1
4742,165,1
4743,39,1
4744,37,1
4745,43,1
4746,101,1
4747,59,1
4748,151,1
4749,81,1
4750,113,1
4751,82,1
4752,78,1
4753,68,1
4754,89,1
4755,161,1
4756,58,1
4757,97,1
4758,111,1
4759,57,1
4760,92,1
4761,200,0
4762,59,1
4763,109,1
4764,128,1
4765,93,1
4766,20,1
4767,32,1
4768,46,1
4769,129,1
4770,200,1
4771,91,1
4772,92,1
4773,61,0
4774,108,1
4775,39,1
4776,39,1
4777,51,1
4778,42,1
4779,57,1
4780,120,1
4781,50,1
4782,76,1
4783,84,1
4784,71,1
4785,70,1
4786,188,1
4787,86,1
4788,87,1
4789,57,0
4790,48,1
4791,86,1
4792,53,1
4793,111,1
4794,44,1
4795,39,1
4796,98,1
4797,44,1
4798,129,1
4799,119,0
4800,85,1
4801,153,1
4802,116,1
4803,59,1
4804,60,1
4805,67,1
4806,91,1
4807,36,1
4808,98,1
4809,86,1
4810,80,1
4811,47,1
4812,39,0
4813,45,1
4814,84,1
4815,44,0
4816,108,1
4817,35,1
4818,200,0
4819,48,1
4820,144,1
4821,66,1
4822,78,1
4823,85,1
4824,39,1
4825,74,1
4826,43,1
4827,100,1
4828,71,1
4829,79,1
4830,68,1
4831,138,1
4832,43,1
4833,44,1
4834,34,1
4835,145,1
4836,136,1
4837,63,1
4838,79,0
4839,200,0
4840,68,1
4841,58,1
4842,74,1
4843,39,1
4844,118,1
4845,78,1
4846,62,0
4847,72,0
4848,49,1
4849,51,0
4850,51,1
4851,93,1
4852,50,1
4853,67,1
4854,77,1
4855,52,1
4856,124,1
4857,79,1
4858,71,1
4859,75,1
4860,50,1
4861,50,1
4862,64,1
4863,49,1
4864,54,1
4865,68,1
4866,80,1
4867,83,1
4868,91,1
4869,58,1
4870,41,1
4871,90,1
4872,81,1
4873,200,0
4874,122,0
4875,138,1
4876,158,1
4877,21,1
4878,42,1
4879,85,1
4880,34,1
4881,41,0
4882,44,1
4883,105,1
4884,147,1
4885,60,1
4886,81,1
4887,54,0
4888,82,1
4889,105,1
4890,92,1
4891,131,0
4892,23,1
4893,125,1
4894,70,0
4895,56,0
4896,84,1
4897,200,0
4898,64,1
4899,154,1
4900,154,1
4901,20,1
4902,102,1
4903,39,1
4904,50,1
4905,84,1
4906,62,1
4907,104,1
4908,70,1
4909,69,1
4910,64,1
4911,61,1
4912,55,1
4913,91,1
4914,46,1
4915,102,1
4916,63,1
4917,71,1
4918,54,1
4919,92,1
4920,37,1
4921,103,1
4922,116,0
4923,109,0
4924,34,0
4925,127,1
4926,120,1
4927,102,1
4928,190,1
4929,43,1
4930,71,1
4931,103,1
4932,96,0
4933,42,1
4934,94,1
4935,92,1
4936,31,1
4937,37,1
4938,39,1
4939,63,1
4940,101,1
4941,87,1
4942,200,0
4943,56,1
4944,140,1
4945,79,1
4946,59,1
4947,30,1
4948,175,1
4949,100,1
4950,129,1
4951,52,1
4952,186,1
4953,63,1
4954,92,1
4955,58,1
4956,91,1
4957,94,1
4958,52,1
4959,69,1
4960,70,0
4961,65,1
4962,56,1
4963,119,1
4964,56,1
4965,34,1
4966,39,1
4967,25,1
4968,54,0
4969,97,1
4970,104,1
4971,35,1
4972,104,1
4973,52,1
4974,61,1
4975,51,1
4976,98,1
4977,27,1
4978,144,1
4979,36,1
4980,56,1
4981,105,1
4982,117,1
4983,31,1
4984,131,1
4985,62,0
4986,90,1
4987,71,1
4988,59,1
4989,171,1
4990,61,1
4991,52,1
4992,91,1
4993,73,1
4994,31,1
4995,113,1
4996,42,1
4997,65,1
4998,58,1
4999,80,1
5000,105,1
5001,38,1
5002,79,1
5003,29,1
5004,76,1
5005,111,1
5006,60,1
5007,167,1
5008,38,1
5009,200,0
5010,28,0
5011,57,1
5012,48,0
5013,121,1
5014,134,1
5015,60,1
5016,168,1
5017,41,1
5018,39,1
5019,62,1
5020,165,0
5021,86,1
5022,184,1
5023,40,1
5024,200,0
5025,63,1
5026,113,1
5027,61,1
5028,73,0
5029,43,1
5030,71,1
5031,79,1
5032,101,1
5033,35,1
5034,118,1
5035,54,1
5036,83,1
5037,58,1
5038,48,1
5039,70,1
5040,88,1
5041,145,1
5042,55,1
5043,130,1
5044,95,1
5045,49,1
5046,54,1
5047,39,0
5048,70,1
5049,47,1
5050,79,1
5051,96,1
5052,80,1
5053,92,1
5054,46,1
5055,84,1
5056,122,1
5057,97,0
5058,62,1
5059,67,1
5060,143,1
5061,76,1
5062,50,1
5063,111,1
5064,119,1
5065,81,1
5066,53,1
5067,197,1
5068,84,1
5069,73,1
5070,72,1
5071,104,1
5072,66,1
5073,79,1
5074,57,0
5075,101,1
5076,52,1
5077,43,1
5078,58,1
5079,58,1
5080,55,1
5081,79,1
5082,121,1
5083,91,1
5084,25,0
5085,63,1
5086,42,1
5087,182,1
5088,57,1
5089,46,1
5090,200,0
5091,77,1
5092,200,0
5093,30,1
5094,143,1
5095,66,1
5096,127,1
5097,27,1
5098,45,1
5099,28,1
5100,90,1
5101,198,1
5102,88,1
5103,95,1
5104,39,0
5105,55,0
5106,75,1
5107,148,1
5108,45,1
5109,34,1
5110,94,1
5111,56,1
5112,54,0
5113,37,1
5114,103,1
5115,66,1
5116,129,1
5117,116,1
5118,142,1
5119,69,1
5120,92,1
5121,200,0
5122,126,1
5123,163,1
5124,199,1
5125,35,1
5126,115,1
5127,67,1
5128,81,1
5129,79,1
5130,44,1
5131,66,1
5132,69,1
5133,116,1
5134,159,1
5135,105,0
5136,60,1
5137,78,1
5138,200,0
5139,53,1
5140,142,1
5141,117,1
5142,50,1
5143,108,1
5144,98,1
5145,200,0
5146,200,0
5147,85,1
5148,121,1
5149,65,1
5150,63,0
5151,67,0
5152,200,0
5153,200,0
5154,47,0
5155,46,1
5156,41,0
5157,33,1
5158,49,0
5159,52,1
5160,113,1
5161,90,1
5162,82,0
5163,84,1
5164,74,1
5165,200,0
5166,60,1
5167,106,1
5168,48,1
5169,82,1
5170,140,1
5171,53,1
5172,71,1
5173,83,1
5174,130,1
5175,42,0
5176,77,1
5177,41,0
5178,98,1
5179,55,1
5180,60,1
5181,67,1
5182,45,0
5183,164,1
5184,94,0
5185,154,1
5186,92,1
5187,45,1
5188,118,1
5189,73,1
5190,167,1
5191,61,1
5192,54,1
5193,67,1
5194,42,1
5195,24,1
5196,172,1
5197,135,0
5198,76,1
5199,53,1
5200,39,1
5201,64,1
5202,55,1
5203,67,1
5204,116,1
5205,81,1
5206,75,1
5207,63,1
5208,108,0
5209,97,1
5210,89,1
5211,61,1
5212,80,1
5213,39,1
5214,89,1
5215,137,1
5216,91,1
5217,49,1
5218,73,1
5219,192,1
5220,65,1
5221,139,1
5222,75,0
5223,180,1
5224,24,1
5225,28,0
5226,46,1
5227,30,0
5228,165,0
5229,44,0
5230,121,1
5231,70,1
5232,145,1
5233,135,0
5234,99,1
5235,174,1
5236,130,1
5237,39,1
5238,33,1
5239,66,1
5240,11,0
5241,28,1
5242,33,1
5243,124,1
5244,74,0
5245,53,0
5246,56,1
5247,106,1
5248,53,1
5249,86,1
5250,120,1
5251,77,1
5252,109,1
5253,166,1
5254,180,1
5255,89,1
5256,32,0
5257,70,1
5258,33,1
5259,104,1
5260,127,1
5261,43,1
5262,70,1
5263,28,1
5264,79,1
5265,61,1
5266,44,0
5267,45,1
5268,147,1
5269,200,0
5270,46,1
5271,104,1
5272,38,1
5273,192,1
5274,56,1
5275,109,1
5276,50,1
5277,58,1
5278,71,1
5279,200,0
5280,47,1
5281,96,1
5282,105,1
5283,103,1
5284,93,1
5285,77,1
5286,106,1
5287,68,1
5288,142,1
5289,147,1
5290,115,1
5291,198,0
5292,35,0
5293,28,1
5294,87,1
5295,200,0
5296,33,1
5297,123,1
5298,57,1
5299,52,1
5300,56,1
5301,65,1
5302,46,1
5303,78,1
5304,129,1
5305,91,1
5306,48,1
5307,101,1
5308,61,1
5309,88,1
5310,44,1
5311,36,0
5312,122,0
5313,157,1
5314,61,1
5315,190,1
5316,27,0
5317,79,0
5318,34,1
5319,75,1
5320,170,1
5321,64,1
5322,29,1
5323,32,1
5324,96,1
5325,200,0
5326,65,1
5327,47,1
5328,178,1
5329,82,1
5330,66,1
5331,75,1
5332,85,1
5333,78,1
5334,175,1
5335,44,1
5336,139,1
5337,63,1
5338,82,1
5339,51,1
5340,92,1
5341,38,1
5342,189,0
5343,131,1
5344,106,1
5345,160,1
5346,195,1
5347,136,1
5348,70,1
5349,41,1
5350,71,1
5351,27,1
5352,58,0
5353,74,1
5354,104,1
5355,36,1
5356,49,1
5357,105,1
5358,60,1
5359,138,1
5360,118,1
5361,94,0
5362,70,1
5363,98,1
5364,91,1
5365,44,1
5366,67,1
5367,57,1
5368,52,1
5369,87,1
5370,38,1
5371,56,0
5372,59,1
5373,119,1
5374,138,0
5375,59,1
5376,41,1
5377,38,1
5378,113,1
5379,59,1
5380,46,1
5381,31,1
5382,67,0
5383,53,1
5384,128,0
5385,126,1
5386,61,1
5387,107,1
5388,190,1
5389,46,1
5390,81,1
5391,75,1
5392,42,1
5393,105,1
5394,40,1
5395,75,1
5396,48,0
5397,96,1
5398,53,1
5399,119,1
5400,50,1
5401,36,1
5402,25,1
5403,168,1
5404,75,1
5405,126,1
5406,63,1
5407,55,1
5408,95,1
5409,80,1
5410,35,1
5411,35,1
5412,90,1
5413,147,1
5414,133,1
5415,127,1
5416,45,1
5417,28,0
5418,28,1
5419,65,1
5420,97,1
5421,101,1
5422,200,0
5423,48,1
5424,64,1
5425,92,1
5426,188,1
5427,49,1
5428,175,1
5429,129,1
5430,57,1
5431,73,1
5432,125,0
5433,200,0
5434,19,0
5435,45,1
5436,48,1
5437,63,1
5438,35,1
5439,73,1
5440,69,1
5441,64,1
5442,43,1
5443,51,1
5444,48,1
5445,25,0
5446,184,1
5447,81,1
5448,73,1
5449,186,1
5450,49,1
5451,48,1
5452,68,1
5453,29,1
5454,107,1
5455,104,1
5456,54,1
5457,155,0
5458,82,1
5459,68,1
5460,63,1
5461,44,0
5462,48,1
5463,159,1
5464,75,1
5465,121,1
5466,54,1
5467,53,0
5468,57,0
5469,95,0
5470,94,1
5471,71,1
5472,34,1
5473,46,1
5474,186,1
5475,98,1
5476,106,1
5477,74,1
5478,153,0
5479,130,1
5480,46,0
5481,28,1
5482,63,1
5483,103,1
5484,26,1
5485,57,1
5486,80,1
5487,157,1
5488,94,1
5489,190,1
5490,93,1
5491,122,1
5492,97,1
5493,61,1
5494,84,1
5495,48,1
5496,73,0
5497,94,1
5498,47,1
5499,28,0
5500,51,1
5501,200,0
5502,75,1
5503,50,1
5504,88,1
5505,60,1
5506,84,1
5507,61,1
5508,81,1
5509,59,1
5510,110,1
5511,84,1
5512,37,1
5513,44,1
5514,76,1
5515,91,1
5516,41,1
5517,56,1
5518,106,1
5519,96,1
5520,138,1
5521,99,1
5522,119,1
5523,30,1
5524,121,1
5525,55,1
5526,51,1
5527,70,1
5528,89,0
5529,85,1
5530,63,1
5531,83,1
5532,142,1
5533,106,1
5534,30,1
5535,33,0
5536,105,1
5537,182,1
5538,117,1
5539,52,1
5540,139,1
5541,59,1
5542,61,1
5543,44,0
5544,56,1
5545,55,0
5546,47,1
5547,81,1
5548,59,0
5549,82,0
5550,121,1
5551,46,1
5552,160,1
5553,60,1
5554,49,0
5555,114,1
5556,81,1
5557,177,1
5558,86,0
5559,134,1
5560,58,1
5561,174,1
5562,114,1
5563,58,1
5564,62,1
5565,47,1
5566,90,0
5567,144,1
5568,148,1
5569,65,1
5570,89,1
5571,112,1
5572,51,1
5573,65,1
5574,50,0
5575,70,1
5576,117,1
5577,42,1
5578,132,1
5579,82,1
5580,50,1
5581,28,1
5582,43,1
5583,40,1
5584,42,1
5585,21,1
5586,127,1
5587,48,1
5588,68,1
5589,117,1
5590,78,1
5591,101,1
5592,50,1
5593,114,1
5594,83,1
5595,42,1
5596,67,0
5597,43,1
5598,60,1
5599,48,1
5600,54,1
5601,60,1
5602,88,1
5603,71,1
5604,85,1
5605,88,0
5606,77,1
5607,86,0
5608,84,1
5609,147,0
5610,49,1
5611,57,0
5612,81,1
5613,127,1
5614,127,1
5615,54,1
5616,49,1
5617,88,1
5618,200,0
5619,89,1
5620,73,1
5621,55,0
5622,113,1
5623,42,1
5624,38,1
5625,156,1
5626,98,1
5627,187,1
5628,93,1
5629,43,1
5630,98,1
5631,109,1
5632,77,1
5633,200,0
5634,59,1
5635,200,0
5636,88,1
5637,87,1
5638,69,1
5639,59,1
5640,95,0
5641,136,1
5642,61,0
5643,125,1
5644,112,1
5645,61,1
5646,69,1
5647,64,1
5648,75,1
5649,57,1
5650,64,1
5651,104,1
5652,90,1
5653,200,0
5654,37,1
5655,112,1
5656,56,0
5657,47,1
5658,92,0
5659,60,1
5660,62,1
5661,150,1
5662,113,1
5663,50,1
5664,134,1
5665,84,1
5666,44,1
5667,91,1
5668,63,1
5669,119,1
5670,148,1
5671,144,1
5672,76,1
5673,81,1
5674,69,1
5675,43,1
5676,149,1
5677,149,1
5678,143,1
5679,79,1
5680,75,1
5681,179,1
5682,90,1
5683,87,1
5684,92,1
5685,121,1
5686,57,1
5687,77,1
5688,62,1
5689,166,1
5690,56,1
5691,108,1
5692,200,0
5693,31,1
5694,133,1
5695,41,1
5696,136,1
5697,73,1
5698,152,1
5699,40,1
5700,48,1
5701,200,0
5702,84,1
5703,39,1
5704,160,1
5705,26,1
5706,122,1
5707,145,1
5708,63,1
5709,45,1
5710,103,1
5711,58,1
5712,133,1
5713,43,1
5714,137,1
5715,79,1
5716,137,1
5717,181,1
5718,46,1
5719,51,0
5720,83,1
5721,93,1
5722,128,1
5723,28,1
5724,50,1
5725,84,1
5726,102,1
5727,200,0
5728,146,1
5729,146,1
5730,20,0
5731,57,1
5732,92,1
5733,84,1
5734,86,1
5735,69,1
5736,123,1
5737,107,1
5738,70,1
5739,65,1
5740,54,1
5741,103,1
5742,78,1
5743,31,1
5744,105,1
5745,117,1
5746,139,1
5747,107,1
5748,49,1
5749,54,1
5750,110,1
5751,61,1
5752,99,1
5753,55,1
5754,56,1
5755,49,1
5756,104,1
5757,115,1
5758,60,1
5759,133,1
5760,37,1
5761,75,1
5762,142,1
5763,95,1
5764,106,1
5765,61,1
5766,73,1
5767,107,1
5768,70,1
5769,24,0
5770,111,1
5771,197,0
5772,89,1
5773,46,1
5774,104,1
5775,80,1
5776,62,1
5777,54,1
5778,105,1
5779,200,0
5780,35,1
5781,54,1
5782,58,1
5783,53,1
5784,200,0
5785,98,1
5786,200,0
5787,63,1
5788,155,1
5789,96,1
5790,36,1
5791,89,1
5792,88,1
5793,76,1
5794,92,1
5795,67,1
5796,75,1
5797,45,1
5798,140,1
5799,54,1
5800,160,1
5801,90,1
5802,170,1
5803,59,1
5804,81,1
5805,52,1
5806,42,1
5807,200,0
5808,46,1
5809,200,0
5810,89,0
5811,75,1
5812,113,1
5813,48,1
5814,135,1
5815,200,0
5816,47,1
5817,155,1
5818,50,1
5819,77,1
5820,47,1
5821,64,1
5822,94,1
5823,73,1
5824,34,1
5825,69,1
5826,108,1
5827,45,1
5828,113,1
5829,143,1
5830,108,1
5831,36,1
5832,67,1
5833,85,1
5834,68,1
5835,67,0
5836,124,1
5837,77,1
5838,200,0
5839,105,1
5840,50,1
5841,46,1
5842,60,1
5843,166,1
5844,54,0
5845,92,1
5846,74,1
5847,54,1
5848,130,1
5849,62,1
5850,64,0
5851,53,1
5852,46,1
5853,69,0
5854,61,1
5855,89,1
5856,68,1
5857,105,1
5858,22,1
5859,80,1
5860,38,1
5861,107,1
5862,87,1
5863,157,1
5864,52,1
5865,27,1
5866,99,1
5867,70,1
5868,133,0
5869,49,1
5870,76,1
5871,182,1
5872,100,1
5873,194,1
5874,117,1
5875,150,1
5876,78,1
5877,31,1
5878,31,1
5879,135,1
5880,161,1
5881,88,1
5882,68,1
5883,67,1
5884,146,1
5885,61,1
5886,47,1
5887,80,1
5888,161,1
5889,35,1
5890,165,1
5891,104,1
5892,200,0
5893,176,1
5894,78,1
5895,96,1
5896,64,1
5897,200,0
5898,170,1
5899,49,1
5900,70,1
5901,95,1
5902,34,0
5903,62,1
5904,103,1
5905,138,1
5906,84,1
5907,79,0
5908,90,1
5909,66,0
5910,78,1
5911,69,1
5912,72,1
5913,46,1
5914,43,1
5915,72,1
5916,37,1
5917,33,0
5918,103,1
5919,66,1
5920,76,1
5921,101,1
5922,148,1
5923,132,1
5924,104,1
5925,75,1
5926,80,1
5927,75,1
5928,45,1
5929,107,1
5930,63,1
5931,64,0
5932,108,1
5933,86,1
5934,106,1
5935,192,1
5936,100,1
5937,71,1
5938,82,1
5939,58,1
5940,80,1
5941,53,0
5942,58,1
5943,110,1
5944,200,0
5945,175,1
5946,102,1
5947,78,1
5948,140,1
5949,133,1
5950,140,1
5951,79,1
5952,46,1
5953,73,1
5954,143,1
5955,113,1
5956,72,1
5957,45,1
5958,107,1
5959,178,1
5960,77,1
5961,158,1
5962,62,0
5963,74,1
5964,43,1
5965,62,0
5966,141,1
5967,52,1
5968,61,1
5969,41,1
5970,114,1
5971,70,1
5972,69,1
5973,50,1
5974,73,1
5975,71,1
5976,34,1
5977,115,1
5978,28,1
5979,25,0
5980,180,1
5981,176,1
5982,61,1
5983,51,0
5984,56,1
5985,200,0
5986,41,0
5987,74,1
5988,94,1
5989,68,1
5990,50,1
5991,147,1
5992,32,1
5993,200,1
5994,111,1
5995,63,1
5996,73,1
5997,55,1
5998,51,0
5999,39,1
6000,34,1
6001,78,1
6002,39,1
6003,45,1
6004,117,1
6005,158,1
6006,43,1
6007,100,1
6008,112,1
6009,83,1
6010,68,1
6011,66,1
6012,109,1
6013,47,0
6014,107,1
6015,33,1
6016,200,0
6017,41,1
6018,70,1
6019,122,1
6020,137,1
6021,95,1
6022,132,1
6023,23,1
6024,74,1
6025,67,1
6026,76,1
6027,42,1
6028,48,1
6029,154,1
6030,50,1
6031,149,1
6032,155,0
6033,200,0
6034,53,1
6035,41,1
6036,102,1
6037,78,1
6038,19,0
6039,109,1
6040,32,1
6041,80,1
6042,112,1
6043,124,1
6044,39,1
6045,52,1
6046,88,1
6047,142,1
6048,52,1
6049,40,1
6050,39,1
6051,54,1
6052,46,1
6053,29,1
6054,65,0
6055,119,1
6056,93,1
6057,88,1
6058,81,1
6059,82,1
6060,43,1
6061,77,1
6062,71,1
6063,137,1
6064,97,1
6065,41,0
6066,37,0
6067,58,1
6068,87,1
6069,101,1
6070,107,1
6071,136,1
6072,80,0
6073,161,1
6074,123,1
6075,99,1
6076,200,0
6077,85,1
6078,48,1
6079,143,1
6080,46,1
6081,48,1
6082,80,1
6083,61,1
6084,44,1
6085,193,1
6086,100,0
6087,70,1
6088,70,1
6089,66,1
6090,49,0
6091,129,1
6092,64,1
6093,42,1
6094,50,1
6095,72,1
6096,92,1
6097,111,0
6098,47,1
6099,45,1
6100,42,1
6101,173,0
6102,58,1
6103,42,1
6104,62,1
6105,127,1
6106,83,1
6107,125,1
6108,200,0
6109,81,1
6110,83,1
6111,61,1
6112,115,1
6113,133,1
6114,46,0
6115,25,1
6116,35,0
6117,153,0
6118,57,1
6119,39,1
6120,99,1
6121,42,1
6122,67,1
6123,200,0
6124,74,1
6125,24,0
6126,38,1
6127,138,1
6128,200,0
6129,35,1
6130,134,1
6131,200,0
6132,47,1
6133,102,1
6134,55,1
6135,105,1
6136,90,1
6137,20,1
6138,77,1
6139,41,1
6140,107,1
6141,97,1
6142,106,1
6143,118,1
6144,145,1
6145,91,0
6146,88,1
6147,39,1
6148,24,1
6149,104,1
6150,44,0
6151,57,1
6152,193,1
6153,146,1
6154,157,1
6155,54,1
6156,136,1
6157,113,1
6158,131,1
6159,56,1
6160,98,1
6161,106,1
6162,72,1
6163,106,1
6164,54,1
6165,42,1
6166,33,1
6167,37,1
6168,44,1
6169,69,1
6170,89,1
6171,54,1
6172,110,1
6173,200,0
6174,121,1
6175,92,1
6176,51,1
6177,58,1
6178,77,1
6179,66,1
6180,74,1
6181,126,1
6182,108,1
6183,69,1
6184,63,1
6185,89,1
6186,87,1
6187,86,1
6188,56,1
6189,73,1
6190,43,0
6191,88,1
6192,66,1
6193,31,1
6194,89,1
6195,40,1
6196,140,1
6197,31,1
6198,48,1
6199,110,1
6200,56,1
6201,59,1
6202,30,1
6203,36,1
6204,40,1
6205,66,1
6206,103,1
6207,87,1
6208,78,1
6209,67,1
6210,58,0
6211,64,0
6212,72,1
6213,31,1
6214,85,1
6215,49,1
6216,71,1
6217,63,1
6218,137,1
6219,30,1
6220,83,1
6221,84,1
6222,48,1
6223,24,1
6224,63,1
6225,147,1
6226,97,1
6227,71,1
6228,83,1
6229,67,0
6230,155,1
6231,38,1
6232,35,1
6233,139,1
6234,87,1
6235,42,1
6236,33,1
6237,50,1
6238,124,0
6239,153,1
6240,164,0
6241,55,0
6242,127,1
6243,119,1
6244,49,1
6245,60,1
6246,109,1
6247,65,1
6248,60,1
6249,51,1
6250,91,1
6251,91,1
6252,52,1
6253,73,1
6254,32,1
6255,49,1
6256,60,1
6257,49,1
6258,134,1
6259,114,1
6260,88,1
6261,109,1
6262,114,1
6263,53,1
6264,40,1
6265,51,0
6266,58,1
6267,42,1
6268,68,1
6269,91,1
6270,68,1
6271,184,1
6272,94,1
6273,56,1
6274,132,1
6275,89,1
6276,81,1
6277,200,0
6278,71,1
6279,82,1
6280,66,1
6281,67,1
6282,104,1
6283,133,1
6284,71,1
6285,200,0
6286,67,1
6287,44,1
6288,88,1
6289,27,1
6290,68,1
6291,46,1
6292,95,1
6293,160,1
6294,74,1
6295,58,1
6296,77,1
6297,25,1
6298,106,1
6299,49,1
6300,117,1
6301,41,1
6302,112,1
6303,36,1
6304,28,0
6305,89,1
6306,190,1
6307,64,1
6308,174,1
6309,68,1
6310,39,1
6311,63,1
6312,33,1
6313,46,1
6314,31,1
6315,77,1
6316,77,1
6317,72,1
6318,83,1
6319,67,1
6320,69,1
6321,58,1
6322,95,1
6323,129,1
6324,93,1
6325,164,1
6326,131,1
6327,45,1
6328,200,0
6329,92,1
6330,89,1
6331,98,0
6332,98,1
6333,74,1
6334,84,1
6335,48,1
6336,119,1
6337,36,1
6338,141,1
6339,36,1
6340,87,1
6341,69,1
6342,73,1
6343,94,0
6344,61,1
6345,50,1
6346,191,1
6347,175,1
6348,51,0
6349,39,1
6350,49,1
6351,36,1
6352,58,1
6353,73,0
6354,29,1
6355,101,1
6356,39,0
6357,57,1
6358,37,1
6359,90,1
6360,80,1
6361,104,1
6362,47,1
6363,86,1
6364,61,1
6365,54,0
6366,30,1
6367,96,1
6368,95,1
6369,117,1
6370,63,1
6371,41,1
6372,44,1
6373,75,1
6374,58,1
6375,47,1
6376,107,1
6377,36,0
6378,184,1
6379,49,1
6380,69,1
6381,97,1
6382,37,1
6383,100,1
6384,38,1
6385,30,1
6386,190,1
6387,37,1
6388,134,1
6389,140,0
6390,127,1
6391,88,1
6392,99,1
6393,58,1
6394,197,1
6395,57,1
6396,82,1
6397,69,1
6398,59,1
6399,42,1
6400,75,1
6401,59,1
6402,57,1
6403,91,1
6404,79,1
6405,47,1
6406,48,1
6407,37,1
6408,71,1
6409,83,1
6410,58,1
6411,56,1
6412,43,1
6413,193,1
6414,119,1
6415,122,1
6416,103,1
6417,34,0
6418,73,1
6419,86,1
6420,169,1
6421,178,0
6422,65,1
6423,58,1
6424,99,1
6425,121,1
6426,121,1
6427,34,1
6428,35,1
6429,66,1
6430,77,1
6431,98,1
6432,68,1
6433,93,1
6434,123,1
6435,57,1
6436,34,1
6437,54,0
6438,122,1
6439,104,1
6440,62,1
6441,117,1
6442,126,1
6443,112,1
6444,69,1
6445,75,1
6446,104,1
6447,76,1
6448,70,1
6449,98,1
6450,106,1
6451,85,1
6452,49,1
6453,143,1
6454,71,1
6455,53,1
6456,92,0
6457,76,1
6458,38,1
6459,87,1
6460,34,1
6461,39,1
6462,42,0
6463,54,1
6464,29,1
6465,123,1
6466,66,1
6467,57,1
6468,36,1
6469,49,1
6470,142,1
6471,96,1
6472,112,0
6473,200,0
6474,51,1
6475,200,0
6476,81,1
6477,55,0
6478,200,0
6479,71,1
6480,68,1
6481,162,1
6482,57,1
6483,114,1
6484,88,1
6485,102,1
6486,81,1
6487,72,1
6488,45,1
6489,40,1
6490,92,0
6491,70,1
6492,48,1
6493,66,1
6494,166,1
6495,170,1
6496,54,1
6497,49,0
6498,65,0
6499,119,1
6500,48,1
6501,65,1
6502,24,1
6503,70,1
6504,80,0
6505,140,1
6506,115,1
6507,81,1
6508,31,1
6509,30,1
6510,200,0
6511,74,1
6512,72,1
6513,29,1
6514,101,1
6515,57,0
6516,145,1
6517,82,1
6518,114,1
6519,119,1
6520,45,0
6521,171,1
6522,47,1
6523,92,1
6524,62,1
6525,148,1
6526,131,1
6527,34,1
6528,63,1
6529,135,1
6530,111,1
6531,82,1
6532,76,1
6533,103,1
6534,70,1
6535,57,0
6536,124,1
6537,74,1
6538,104,0
6539,132,1
6540,95,0
6541,88,0
6542,98,1
6543,73,1
6544,117,1
6545,93,1
6546,93,0
6547,68,1
6548,90,1
6549,115,1
6550,178,1
6551,141,0
6552,58,1
6553,38,1
6554,40,0
6555,98,1
6556,136,0
6557,94,1
6558,85,1
6559,106,1
6560,62,1
6561,40,1
6562,83,1
6563,109,1
6564,53,1
6565,101,1
6566,44,1
6567,81,1
6568,55,1
6569,200,0
6570,90,0
6571,32,1
6572,136,1
6573,82,1
6574,30,1
6575,68,0
6576,76,1
6577,106,1
6578,28,0
6579,32,1
6580,150,1
6581,73,1
6582,46,1
6583,52,1
6584,132,1
6585,68,0
6586,103,1
6587,30,0
6588,67,1
6589,119,1
6590,53,1
6591,53,0
6592,98,1
6593,111,1
6594,48,1
6595,116,1
6596,69,1
6597,84,1
6598,82,1
6599,51,1
6600,67,1
6601,53,1
6602,53,0
6603,59,1
6604,31,1
6605,82,1
6606,115,1
6607,150,1
6608,126,1
6609,106,1
6610,175,1
6611,51,1
6612,33,1
6613,39,1
6614,154,1
6615,156,1
6616,55,1
6617,40,1
6618,69,1
6619,51,1
6620,43,1
6621,100,1
6622,78,0
6623,48,1
6624,30,1
6625,116,1
6626,106,1
6627,42,1
6628,81,1
6629,92,1
6630,104,0
6631,101,1
6632,90,1
6633,64,0
6634,95,1
6635,47,1
6636,80,1
6637,91,1
6638,25,1
6639,52,1
6640,38,1
6641,54,1
6642,135,1
6643,62,1
6644,156,1
6645,158,1
6646,105,1
6647,53,1
6648,119,1
6649,140,1
6650,96,1
6651,77,1
6652,106,1
6653,84,1
6654,34,1
6655,134,1
6656,36,0
6657,65,1
6658,51,1
6659,44,0
6660,30,1
6661,105,0
6662,66,1
6663,110,1
6664,74,1
6665,197,1
6666,92,1
6667,48,1
6668,44,1
6669,59,0
6670,153,1
6671,67,1
6672,168,0
6673,121,1
6674,200,0
6675,63,1
6676,73,1
6677,146,1
6678,107,1
6679,103,1
6680,105,0
6681,68,1
6682,30,1
6683,86,1
6684,123,1
6685,46,1
6686,131,1
6687,65,1
6688,59,1
6689,100,1
6690,146,1
6691,109,1
6692,70,1
6693,200,0
6694,90,1
6695,55,1
6696,44,1
6697,97,1
6698,82,1
6699,166,1
6700,200,0
6701,200,0
6702,99,1
6703,56,1
6704,64,1
6705,84,1
6706,47,1
6707,124,1
6708,33,1
6709,42,1
6710,31,0
6711,110,1
6712,56,1
6713,107,1
6714,132,1
6715,73,1
6716,200,0
6717,61,1
6718,87,1
6719,109,1
6720,29,1
6721,109,0
6722,40,1
6723,74,1
6724,149,1
6725,200,0
6726,131,1
6727,158,1
6728,133,1
6729,47,1
6730,34,1
6731,176,1
6732,105,1
6733,63,1
6734,170,1
6735,58,1
6736,84,1
6737,78,1
6738,109,1
6739,32,1
6740,66,1
6741,33,1
6742,70,1
6743,155,1
6744,150,1
6745,64,1
6746,66,1
6747,100,1
6748,32,1
6749,164,1
6750,55,1
6751,200,0
6752,66,1
6753,64,1
6754,88,1
6755,43,1
6756,95,1
6757,134,1
6758,100,1
6759,101,1
6760,53,1
6761,33,1
6762,39,1
6763,68,1
6764,44,1
6765,147,1
6766,28,1
6767,139,1
6768,161,1
6769,58,0
6770,69,0
6771,44,1
6772,26,1
6773,138,1
6774,102,0
6775,69,1
6776,108,1
6777,83,1
6778,55,1
6779,61,1
6780,58,1
6781,86,1
6782,48,1
6783,38,1
6784,59,1
6785,75,1
6786,66,1
6787,142,1
6788,45,1
6789,31,1
6790,107,1
6791,36,1
6792,129,1
6793,85,1
6794,52,1
6795,42,1
6796,84,1
6797,43,1
6798,200,0
6799,27,1
6800,63,1
6801,51,1
6802,138,1
6803,100,1
6804,68,1
6805,54,0
6806,52,1
6807,49,1
6808,35,1
6809,150,1
6810,119,0
6811,48,1
6812,142,1
6813,47,1
6814,85,1
6815,51,1
6816,75,1
6817,94,1
6818,69,1
6819,66,1
6820,60,1
6821,72,1
6822,94,1
6823,101,1
6824,179,1
6825,83,1
6826,92,1
6827,100,1
6828,136,1
6829,69,1
6830,72,1
6831,27,1
6832,57,1
6833,116,1
6834,53,1
6835,130,1
6836,106,1
6837,73,1
6838,115,1
6839,58,1
6840,85,1
6841,108,1
6842,178,1
6843,83,1
6844,45,1
6845,139,0
6846,89,1
6847,103,1
6848,135,1
6849,62,1
6850,54,1
6851,200,0
6852,67,1
6853,52,1
6854,163,1
6855,57,1
6856,113,1
6857,80,1
6858,93,1
6859,90,1
6860,118,1
6861,84,1
6862,143,1
6863,41,0
6864,32,1
6865,197,1
6866,181,1
6867,71,1
6868,76,1
6869,95,1
6870,25,0
6871,51,1
6872,35,1
6873,93,1
6874,68,1
6875,101,1
6876,50,1
6877,37,1
6878,139,1
6879,121,1
6880,99,1
6881,58,1
6882,86,1
6883,66,1
6884,75,1
6885,37,1
6886,71,1
6887,87,1
6888,51,1
6889,58,1
6890,42,1
6891,46,1
6892,96,1
6893,82,1
6894,79,1
6895,40,1
6896,141,1
6897,29,1
6898,64,1
6899,103,1
6900,89,1
6901,199,1
6902,49,1
6903,62,1
6904,30,1
6905,184,1
6906,161,1
6907,53,1
6908,49,1
6909,113,1
6910,64,1
6911,49,1
6912,30,1
6913,103,1
6914,82,1
6915,55,1
6916,62,1
6917,96,0
6918,53,1
6919,68,1
6920,200,0
6921,49,1
6922,40,1
6923,200,0
6924,101,1
6925,112,1
6926,56,1
6927,40,1
6928,200,0
6929,200,0
6930,92,1
6931,75,1
6932,94,1
6933,83,1
6934,31,1
6935,92,1
6936,54,1
6937,44,1
6938,71,1
6939,89,1
6940,35,1
6941,51,1
6942,61,1
6943,92,1
6944,156,1
6945,42,1
6946,27,0
6947,110,1
6948,36,1
6949,83,1
6950,185,1
6951,63,1
6952,82,1
6953,39,1
6954,129,1
6955,17,1
6956,86,1
6957,54,1
6958,100,1
6959,88,1
6960,124,1
6961,39,0
6962,108,1
6963,63,1
6964,49,1
6965,43,1
6966,59,1
6967,102,1
6968,125,1
6969,64,0
6970,78,1
6971,33,1
6972,141,1
6973,200,0
6974,59,1
6975,88,1
6976,59,1
6977,184,1
6978,34,1
6979,113,1
6980,59,1
6981,177,1
6982,108,0
6983,90,1
6984,76,1
6985,81,1
6986,39,1
6987,81,1
6988,90,1
6989,157,1
6990,60,1
6991,97,1
6992,200,0
6993,100,1
6994,191,1
6995,112,1
6996,34,1
6997,101,1
6998,128,1
6999,97,1
7000,110,1
7001,56,1
7002,60,1
7003,117,1
7004,31,0
7005,37,1
7006,98,1
7007,123,0
7008,133,1
7009,200,0
7010,58,1
7011,131,1
7012,159,1
7013,121,1
7014,68,1
7015,46,1
7016,200,0
7017,63,1
7018,167,1
7019,52,1
7020,200,0
7021,101,1
7022,84,1
7023,75,1
7024,68,1
7025,125,1
7026,158,1
7027,96,1
7028,151,1
7029,81,1
7030,113,1
7031,93,1
7032,129,1
7033,55,1
7034,118,1
7035,83,1
7036,65,1
7037,77,1
7038,82,1
7039,20,1
7040,42,1
7041,139,1
7042,75,1
7043,63,1
7044,115,1
7045,75,1
7046,37,1
7047,28,1
7048,45,1
7049,64,1
7050,101,1
7051,56,1
7052,50,1
7053,67,1
7054,164,1
7055,74,1
7056,162,1
7057,98,1
7058,40,1
7059,135,1
7060,63,1
7061,118,1
7062,74,1
7063,106,1
7064,99,1
7065,36,1
7066,132,1
7067,105,1
7068,73,1
7069,107,1
7070,79,1
7071,66,1
7072,84,0
7073,45,1
7074,70,1
7075,30,1
7076,70,1
7077,56,1
7078,73,1
7079,155,1
7080,39,1
7081,26,1
7082,122,1
7083,30,1
7084,81,1
7085,93,1
7086,69,1
7087,37,1
7088,65,1
7089,63,1
7090,147,1
7091,200,0
7092,41,1
7093,190,1
7094,84,1
7095,33,1
7096,178,1
7097,43,1
7098,56,1
7099,200,0
7100,73,1
7101,124,1
7102,37,1
7103,90,1
7104,61,1
7105,57,1
7106,57,1
7107,45,1
7108,160,0
7109,58,1
7110,107,0
7111,109,1
7112,59,1
7113,87,1
7114,38,1
7115,89,0
7116,66,1
7117,59,1
7118,63,1
7119,36,1
7120,66,1
7121,144,1
7122,70,1
7123,57,1
7124,133,1
7125,166,0
7126,43,1
7127,90,1
7128,61,1
7129,80,1
7130,110,1
7131,200,0
7132,85,1
7133,193,1
7134,175,1
7135,127,1
7136,53,1
7137,168,1
7138,73,1
7139,74,1
7140,200,0
7141,200,0
7142,115,1
7143,105,1
7144,95,1
7145,52,0
7146,200,0
7147,100,1
7148,148,1
7149,41,1
7150,57,1
7151,48,1
7152,188,0
7153,51,1
7154,56,1
7155,151,1
7156,177,1
7157,61,1
7158,89,1
7159,110,0
7160,33,1
7161,36,0
7162,148,1
7163,85,0
7164,102,1
7165,77,1
7166,78,1
7167,48,1
7168,31,1
7169,200,0
7170,117,1
7171,176,1
7172,66,1
7173,57,1
7174,25,1
7175,71,1
7176,52,1
7177,80,1
7178,122,0
7179,110,1
7180,58,1
7181,40,1
7182,173,1
7183,59,1
7184,31,1
7185,82,1
7186,190,1
7187,114,1
7188,113,1
7189,88,1
7190,119,1
7191,60,1
7192,123,1
7193,53,1
7194,34,1
7195,62,1
7196,151,1
7197,124,1
7198,48,1
7199,31,1
7200,73,1
7201,115,1
7202,50,1
7203,53,1
7204,42,1
7205,42,1
7206,59,0
7207,58,0
7208,63,1
7209,28,1
7210,108,1
7211,78,1
7212,56,1
7213,106,1
7214,160,1
7215,89,1
7216,138,0
7217,113,1
7218,88,1
7219,70,1
7220,56,1
7221,82,1
7222,88,1
7223,200,0
7224,54,1
7225,135,1
7226,66,1
7227,55,1
7228,136,1
7229,161,0
7230,116,1
7231,97,1
7232,39,0
7233,28,1
7234,55,1
7235,152,1
7236,52,1
7237,109,1
7238,34,1
7239,39,1
7240,152,1
7241,78,1
7242,62,1
7243,59,0
7244,109,1
7245,117,0
7246,51,1
7247,168,1
7248,130,1
7249,62,1
7250,26,1
7251,97,1
7252,51,1
7253,64,1
7254,193,1
7255,200,0
7256,87,1
7257,84,1
7258,71,1
7259,64,1
7260,73,1
7261,65,1
7262,32,1
7263,182,1
7264,73,1
7265,200,0
7266,103,1
7267,200,0
7268,52,1
7269,100,1
7270,95,1
7271,186,1
7272,40,1
7273,105,1
7274,71,1
7275,51,1
7276,92,1
7277,50,1
7278,57,1
7279,75,0
7280,51,1
7281,200,0
7282,42,0
7283,60,1
7284,182,1
7285,85,1
7286,155,1
7287,42,1
7288,125,1
7289,87,1
7290,134,1
7291,60,1
7292,21,1
7293,75,1
7294,55,1
7295,59,1
7296,200,0
7297,104,1
7298,46,1
7299,67,1
7300,113,1
7301,96,0
7302,108,1
7303,155,1
7304,104,1
7305,82,1
7306,121,1
7307,186,1
7308,42,1
7309,130,1
7310,41,0
7311,37,1
7312,121,1
7313,57,1
7314,110,1
7315,74,1
7316,93,1
7317,107,1
7318,71,0
7319,42,1
7320,169,1
7321,50,1
7322,121,1
7323,81,1
7324,142,1
7325,118,0
7326,106,1
7327,51,1
7328,97,0
7329,124,1
7330,44,1
7331,115,1
7332,63,1
7333,74,1
7334,83,1
7335,182,0
7336,71,1
7337,110,1
7338,96,1
7339,153,1
7340,200,0
7341,76,1
7342,125,1
7343,174,1
7344,62,1
7345,56,1
7346,44,0
7347,71,1
7348,41,1
7349,167,1
7350,40,1
7351,89,1
7352,26,1
7353,84,1
7354,79,1
7355,103,0
7356,64,0
7357,200,0
7358,31,1
7359,52,1
7360,119,1
7361,42,1
7362,200,0
7363,72,1
7364,99,0
7365,46,1
7366,122,1
7367,58,1
7368,56,1
7369,111,1
7370,100,1
7371,127,1
7372,50,1
7373,99,1
7374,53,0
7375,120,1
7376,200,0
7377,101,1
7378,47,1
7379,116,1
7380,59,1
7381,129,1
7382,86,0
7383,76,0
7384,141,1
7385,81,1
7386,84,1
7387,59,1
7388,82,1
7389,83,1
7390,52,1
7391,101,0
7392,101,1
7393,83,1
7394,94,1
7395,168,1
7396,124,1
7397,107,1
7398,65,1
7399,53,1
7400,97,1
7401,61,1
7402,77,1
7403,94,1
7404,148,1
7405,85,1
7406,19,0
7407,84,1
7408,35,1
7409,74,1
7410,64,1
7411,54,1
7412,47,1
7413,200,0
7414,51,1
7415,82,1
7416,154,1
7417,36,1
7418,66,1
7419,72,1
7420,36,1
7421,55,1
7422,99,1
7423,80,1
7424,98,1
7425,131,1
7426,81,0
7427,79,1
7428,27,1
7429,51,0
7430,127,1
7431,46,1
7432,60,1
7433,152,1
7434,123,0
7435,161,1
7436,148,1
7437,40,1
7438,88,1
7439,87,1
7440,88,1
7441,130,1
7442,75,1
7443,113,1
7444,144,1
7445,135,1
7446,59,0
7447,89,1
7448,49,1
7449,55,1
7450,108,1
7451,138,0
7452,69,1
7453,200,0
7454,42,1
7455,58,1
7456,92,1
7457,63,1
7458,42,1
7459,90,1
7460,162,1
7461,38,1
7462,200,0
7463,47,1
7464,180,1
7465,123,1
7466,76,1
7467,52,1
7468,60,1
7469,90,1
7470,165,0
7471,60,0
7472,159,1
7473,76,1
7474,116,1
7475,89,1
7476,130,1
7477,44,1
7478,23,1
7479,69,1
7480,76,1
7481,144,0
7482,32,1
7483,131,1
7484,60,1
7485,139,1
7486,120,1
7487,78,1
7488,62,1
7489,200,0
7490,45,1
7491,123,1
7492,41,1
7493,90,1
7494,83,1
7495,63,1
7496,143,1
7497,53,1
7498,29,1
7499,125,1
7500,55,1
7501,95,0
7502,143,1
7503,77,1
7504,23,1
7505,86,1
7506,34,1
7507,200,0
7508,77,1
7509,140,1
7510,49,0
7511,76,1
7512,28,1
7513,92,1
7514,94,1
7515,129,1
7516,200,0
7517,49,1
7518,72,1
7519,113,1
7520,109,1
7521,200,0
7522,79,0
7523,54,1
7524,78,1
7525,78,1
7526,80,1
7527,55,1
7528,49,1
7529,115,0
7530,96,1
7531,52,1
7532,167,1
7533,77,1
7534,127,1
7535,141,1
7536,98,1
7537,121,1
7538,78,0
7539,77,1
7540,39,1
7541,200,0
7542,156,1
7543,16,1
7544,180,1
7545,122,1
7546,120,1
7547,51,1
7548,133,1
7549,109,1
7550,165,1
7551,170,1
7552,60,1
7553,86,1
7554,41,1
7555,76,1
7556,142,1
7557,112,1
7558,69,1
7559,195,1
7560,72,1
7561,60,1
7562,79,0
7563,127,1
7564,35,1
7565,49,1
7566,47,1
7567,88,1
7568,93,1
7569,169,1
7570,138,1
7571,73,1
7572,160,1
7573,28,1
7574,92,1
7575,42,1
7576,93,1
7577,63,1
7578,174,1
7579,63,1
7580,96,1
7581,27,1
7582,68,1
7583,103,1
7584,76,1
7585,82,1
7586,200,0
7587,34,1
7588,134,1
7589,171,1
7590,46,1
7591,97,1
7592,155,1
7593,56,1
7594,111,1
7595,74,0
7596,87,1
7597,67,1
7598,200,0
7599,33,1
7600,74,1
7601,184,1
7602,54,0
7603,118,1
7604,58,1
7605,70,1
7606,86,1
7607,194,1
7608,102,1
7609,30,1
7610,170,1
7611,92,1
7612,126,1
7613,21,1
7614,62,1
7615,35,1
7616,138,1
7617,50,0
7618,102,0
7619,149,1
7620,41,1
7621,32,1
7622,113,1
7623,200,0
7624,200,0
7625,112,1
7626,76,0
7627,99,1
7628,140,0
7629,56,1
7630,48,1
7631,52,1
7632,122,1
7633,68,1
7634,52,1
7635,62,1
7636,77,1
7637,100,1
7638,124,1
7639,82,1
7640,123,1
7641,104,1
7642,138,1
7643,70,1
7644,76,1
7645,36,1
7646,120,1
7647,51,1
7648,146,1
7649,108,1
7650,90,1
7651,41,1
7652,89,1
7653,43,1
7654,20,0
7655,54,1
7656,66,1
7657,74,1
7658,53,1
7659,48,1
7660,48,1
7661,102,1
7662,59,1
7663,59,1
7664,45,1
7665,102,1
7666,153,1
7667,42,1
7668,158,1
7669,136,0
7670,200,0
7671,120,1
7672,44,0
7673,102,1
7674,94,1
7675,155,1
7676,125,1
7677,129,1
7678,76,1
7679,30,1
7680,47,1
7681,188,1
7682,98,1
7683,117,1
7684,174,1
7685,200,0
7686,135,1
7687,200,0
7688,82,1
7689,200,0
7690,47,1
7691,137,1
7692,73,1
7693,50,1
7694,40,1
7695,200,0
7696,73,1
7697,135,1
7698,111,1
7699,59,1
7700,119,1
7701,172,1
7702,36,1
7703,58,1
7704,49,1
7705,75,1
7706,69,1
7707,57,1
7708,43,1
7709,60,1
7710,84,1
7711,200,0
7712,68,1
7713,20,1
7714,82,1
7715,47,1
7716,40,1
7717,76,1
7718,118,1
7719,64,1
7720,193,1
7721,115,1
7722,73,1
7723,69,0
7724,62,1
7725,64,1
7726,51,1
7727,128,1
7728,139,1
7729,89,1
7730,44,1
7731,151,1
7732,73,1
7733,170,1
7734,120,1
7735,200,0
7736,56,1
7737,151,1
7738,85,1
7739,46,1
7740,71,1
7741,84,1
7742,103,1
7743,86,1
7744,35,1
7745,77,1
7746,73,1
7747,166,1
7748,93,1
7749,186,1
7750,77,1
7751,64,1
7752,34,1
7753,35,1
7754,138,1
7755,67,1
7756,178,1
7757,199,1
7758,90,1
7759,48,1
7760,43,1
7761,68,1
7762,30,1
7763,143,1
7764,103,1
7765,48,1
7766,59,1
7767,200,0
7768,95,1
7769,82,1
7770,97,1
7771,45,1
7772,77,1
7773,60,1
7774,120,1
7775,32,1
7776,77,1
7777,56,1
7778,94,0
7779,77,1
7780,34,1
7781,96,1
7782,40,1
7783,41,1
7784,124,1
7785,139,1
7786,169,1
7787,130,1
7788,38,1
7789,79,1
7790,42,1
7791,27,1
7792,66,1
7793,153,1
7794,84,1
7795,151,1
7796,200,0
7797,54,1
7798,47,1
7799,71,1
7800,30,1
7801,113,1
7802,108,1
7803,74,1
7804,118,1
7805,200,0
7806,200,0
7807,141,1
7808,75,1
7809,200,0
7810,73,1
7811,150,1
7812,136,1
7813,60,1
7814,189,1
7815,161,1
7816,104,1
7817,49,1
7818,89,1
7819,119,1
7820,72,1
7821,116,1
7822,30,1
7823,41,1
7824,74,1
7825,149,1
7826,40,1
7827,96,1
7828,154,1
7829,53,1
7830,71,1
7831,200,0
7832,121,1
7833,92,1
7834,85,1
7835,60,1
7836,54,1
7837,151,1
7838,74,1
7839,65,1
7840,169,1
7841,43,1
7842,156,1
7843,79,1
7844,56,1
7845,64,1
7846,37,1
7847,66,1
7848,52,1
7849,52,1
7850,79,1
7851,89,1
7852,179,1
7853,37,1
7854,137,1
7855,34,1
7856,114,1
7857,109,1
7858,200,0
7859,86,1
7860,71,1
7861,23,0
7862,68,0
7863,99,1
7864,45,1
7865,64,1
7866,62,1
7867,109,1
7868,48,1
7869,100,1
7870,81,1
7871,89,1
7872,29,1
7873,80,1
7874,75,1
7875,96,1
7876,108,1
7877,45,1
7878,52,1
7879,122,1
7880,50,0
7881,104,1
7882,55,1
7883,41,1
7884,149,1
7885,54,1
7886,200,0
7887,65,1
7888,83,1
7889,78,1
7890,168,1
7891,57,1
7892,67,1
7893,162,1
7894,132,1
7895,65,1
7896,64,1
7897,46,1
7898,52,1
7899,56,1
7900,200,0
7901,119,1
7902,47,1
7903,125,1
7904,56,1
7905,70,1
7906,13,0
7907,43,1
7908,43,1
7909,47,1
7910,28,1
7911,129,1
7912,162,1
7913,21,1
7914,113,1
7915,200,0
7916,135,1
7917,85,0
7918,173,1
7919,71,1
7920,45,1
7921,135,1
7922,98,1
7923,32,1
7924,30,1
7925,111,1
7926,156,1
7927,59,1
7928,50,1
7929,63,0
7930,112,1
7931,27,0
7932,56,1
7933,55,1
7934,78,1
7935,139,1
7936,143,1
7937,141,1
7938,28,1
7939,121,1
7940,51,1
7941,66,1
7942,200,0
7943,79,1
7944,64,1
7945,149,1
7946,200,0
7947,54,1
7948,80,1
7949,94,0
7950,83,1
7951,53,1
7952,31,1
7953,49,1
7954,41,1
7955,183,1
7956,65,1
7957,57,1
7958,92,1
7959,66,1
7960,44,1
7961,173,1
7962,55,1
7963,30,1
7964,89,0
7965,200,1
7966,125,1
7967,87,1
7968,116,1
7969,113,1
7970,149,1
7971,118,1
7972,116,1
7973,87,1
7974,60,1
7975,51,1
7976,101,1
7977,55,1
7978,47,1
7979,27,1
7980,77,1
7981,157,1
7982,88,1
7983,200,0
7984,28,1
7985,64,1
7986,79,1
7987,79,1
7988,200,0
7989,94,1
7990,33,1
7991,200,0
7992,132,1
7993,49,1
7994,56,1
7995,141,1
7996,147,1
7997,51,1
7998,46,1
7999,27,0
8000,54,1
8001,110,1
8002,71,1
8003,39,1
8004,88,1
8005,22,0
8006,88,1
8007,186,1
8008,130,1
8009,126,1
8010,87,1
8011,94,1
8012,46,1
8013,102,1
8014,125,1
8015,67,1
8016,37,1
8017,96,1
8018,112,1
8019,101,0
8020,55,1
8021,102,1
8022,141,1
8023,138,1
8024,60,1
8025,107,1
8026,47,1
8027,80,1
8028,97,1
8029,116,1
8030,50,1
8031,155,1
8032,66,0
8033,74,1
8034,95,1
8035,81,1
8036,81,0
8037,46,1
8038,172,0
8039,105,1
8040,95,1
8041,200,0
8042,70,0
8043,95,1
8044,123,1
8045,41,1
8046,127,1
8047,94,1
8048,126,1
8049,124,1
8050,119,1
8051,107,1
8052,116,1
8053,67,1
8054,41,1
8055,74,0
8056,100,1
8057,126,1
8058,59,1
8059,123,1
8060,111,1
8061,117,1
8062,148,1
8063,52,1
8064,36,1
8065,41,1
8066,48,1
8067,89,1
8068,43,0
8069,68,1
8070,169,1
8071,49,1
8072,96,1
8073,39,1
8074,58,1
8075,133,1
8076,27,1
8077,50,1
8078,55,1
8079,75,1
8080,68,1
8081,53,1
8082,200,0
8083,43,1
8084,34,1
8085,200,0
8086,52,1
8087,32,0
8088,67,1
8089,30,0
8090,58,1
8091,44,1
8092,95,1
8093,52,1
8094,64,1
8095,27,1
8096,92,0
8097,43,1
8098,107,1
8099,70,1
8100,94,1
8101,105,1
8102,82,1
8103,103,1
8104,92,1
8105,40,1
8106,35,1
8107,53,1
8108,59,1
8109,62,0
8110,62,1
8111,36,1
8112,70,1
8113,151,1
8114,64,1
8115,39,1
8116,49,1
8117,31,1
8118,85,1
8119,42,1
8120,68,1
8121,48,1
8122,71,1
8123,75,1
8124,120,1
8125,74,1
8126,85,1
8127,87,1
8128,200,0
8129,95,1
8130,76,1
8131,60,1
8132,167,1
8133,82,1
8134,118,1
8135,34,0
8136,30,1
8137,82,1
8138,169,1
8139,28,1
8140,34,1
8141,63,1
8142,55,1
8143,68,1
8144,145,1
8145,114,1
8146,65,1
8147,88,1
8148,157,1
8149,131,1
8150,33,1
8151,16,0
8152,85,1
8153,50,1
8154,85,1
8155,66,1
8156,200,0
8157,54,1
8158,176,1
8159,125,0
8160,92,1
8161,66,1
8162,93,1
8163,111,1
8164,115,1
8165,46,1
8166,118,1
8167,92,1
8168,54,1
8169,41,1
8170,145,1
8171,82,1
8172,41,1
8173,51,1
8174,52,1
8175,75,0
8176,107,1
8177,102,1
8178,60,1
8179,36,1
8180,43,0
8181,45,1
8182,46,1
8183,37,1
8184,94,1
8185,47,1
8186,184,1
8187,96,0
8188,148,1
8189,42,1
8190,48,1
8191,139,1
8192,122,1
8193,122,1
8194,77,1
8195,78,1
8196,45,0
8197,89,1
8198,81,1
8199,40,1
8200,61,1
8201,105,1
8202,64,1
8203,157,1
8204,61,1
8205,35,1
8206,156,1
8207,66,1
8208,76,1
8209,200,0
8210,72,1
8211,59,1
8212,103,1
8213,153,1
8214,99,1
8215,51,1
8216,74,1
8217,30,1
8218,63,0
8219,49,0
8220,160,1
8221,125,1
8222,153,1
8223,83,1
8224,34,1
8225,103,1
8226,125,1
8227,47,1
8228,40,1
8229,57,1
8230,56,1
8231,61,1
8232,63,1
8233,50,1
8234,113,0
8235,163,1
8236,70,1
8237,200,0
8238,108,1
8239,200,0
8240,38,1
8241,90,1
8242,37,1
8243,157,1
8244,96,1
8245,105,1
8246,154,1
8247,75,1
8248,76,1
8249,70,1
8250,52,1
8251,126,1
8252,144,1
8253,83,1
8254,16,0
8255,187,1
8256,54,0
8257,37,1
8258,41,1
8259,102,1
8260,55,0
8261,158,1
8262,94,1
8263,61,1
8264,68,1
8265,87,1
8266,55,1
8267,49,1
8268,112,1
8269,32,0
8270,169,1
8271,105,1
8272,113,1
8273,31,1
8274,33,0
8275,57,0
8276,128,1
8277,116,1
8278,128,1
8279,68,0
8280,129,1
8281,150,1
8282,95,1
8283,111,1
8284,153,1
8285,101,1
8286,39,0
8287,71,1
8288,77,1
8289,31,1
8290,51,0
8291,59,1
8292,75,1
8293,64,1
8294,93,0
8295,46,1
8296,103,1
8297,32,1
8298,105,1
8299,73,1
8300,57,1
8301,55,0
8302,134,0
8303,49,1
8304,35,0
8305,81,1
8306,31,1
8307,28,1
8308,38,1
8309,200,0
8310,45,0
8311,47,1
8312,116,1
8313,45,1
8314,158,1
8315,139,1
8316,31,1
8317,25,1
8318,115,1
8319,58,1
8320,85,1
8321,139,1
8322,52,1
8323,110,1
8324,31,1
8325,41,1
8326,23,1
8327,133,1
8328,169,1
8329,34,1
8330,59,1
8331,40,1
8332,55,1
8333,104,1
8334,63,1
8335,58,1
8336,77,1
8337,19,0
8338,173,1
8339,92,1
8340,193,1
8341,90,1
8342,125,1
8343,68,1
8344,52,1
8345,63,1
8346,136,1
8347,199,1
8348,65,1
8349,53,1
8350,66,1
8351,70,1
8352,115,1
8353,128,1
8354,139,1
8355,34,1
8356,183,1
8357,41,1
8358,125,1
8359,121,1
8360,126,1
8361,138,0
8362,71,0
8363,81,1
8364,45,1
8365,82,1
8366,134,1
8367,176,1
8368,200,0
8369,104,1
8370,44,1
8371,119,1
8372,85,1
8373,44,1
8374,90,1
8375,46,1
8376,65,1
8377,200,0
8378,93,1
8379,90,1
8380,64,1
8381,52,1
8382,58,1
8383,106,1
8384,156,1
8385,98,1
8386,115,1
8387,200,0
8388,200,0
8389,37,1
8390,56,1
8391,76,1
8392,65,1
8393,157,1
8394,75,1
8395,66,1
8396,109,0
8397,41,1
8398,130,1
8399,92,1
8400,68,1
8401,140,1
8402,124,1
8403,51,1
8404,106,1
8405,71,1
8406,188,1
8407,77,1
8408,99,1
8409,118,1
8410,111,1
8411,139,1
8412,54,1
8413,100,1
8414,84,1
8415,84,1
8416,61,1
8417,96,1
8418,58,1
8419,39,1
8420,55,1
8421,103,1
8422,32,0
8423,91,1
8424,82,1
8425,91,1
8426,112,1
8427,200,0
8428,108,1
8429,76,1
8430,38,1
8431,20,1
8432,79,1
8433,73,1
8434,85,1
8435,200,0
8436,132,1
8437,34,1
8438,200,0
8439,173,1
8440,54,1
8441,45,1
8442,31,1
8443,54,1
8444,31,1
8445,92,1
8446,93,1
8447,43,1
8448,173,1
8449,109,1
8450,66,1
8451,119,1
8452,54,1
8453,55,1
8454,99,1
8455,135,1
8456,115,1
8457,160,1
8458,86,1
8459,200,0
8460,59,1
8461,75,1
8462,65,1
8463,71,1
8464,74,1
8465,52,1
8466,36,1
8467,87,1
8468,84,1
8469,200,0
8470,38,0
8471,74,1
8472,82,1
8473,130,1
8474,51,1
8475,24,1
8476,66,1
8477,57,0
8478,52,0
8479,60,1
8480,40,0
8481,80,1
8482,41,1
8483,73,1
8484,60,1
8485,47,1
8486,192,1
8487,130,1
8488,164,1
8489,151,1
8490,91,1
8491,82,1
8492,72,1
8493,83,1
8494,134,1
8495,92,1
8496,104,1
8497,73,1
8498,141,1
8499,86,1
8500,54,1
8501,86,1
8502,170,1
8503,38,1
8504,200,0
8505,95,1
8506,78,1
8507,66,0
8508,37,1
8509,73,1
8510,16,0
8511,78,0
8512,118,1
8513,123,1
8514,95,1
8515,89,1
8516,68,1
8517,63,1
8518,66,1
8519,24,1
8520,115,1
8521,91,1
8522,29,1
8523,55,1
8524,59,1
8525,101,1
8526,146,1
8527,58,1
8528,69,1
8529,37,1
8530,188,1
8531,75,1
8532,121,1
8533,92,1
8534,56,1
8535,49,1
8536,57,1
8537,144,1
8538,115,1
8539,41,1
8540,152,1
8541,42,1
8542,71,1
8543,57,1
8544,153,1
8545,60,1
8546,129,1
8547,57,1
8548,102,1
8549,104,1
8550,31,1
8551,72,1
8552,115,1
8553,96,1
8554,41,1
8555,89,1
8556,80,1
8557,41,0
8558,142,1
8559,79,1
8560,114,1
8561,106,1
8562,54,1
8563,200,0
8564,147,1
8565,158,1
8566,175,1
8567,176,1
8568,63,1
8569,43,1
8570,99,1
8571,93,1
8572,73,1
8573,46,1
8574,55,1
8575,200,0
8576,95,1
8577,82,1
8578,108,1
8579,39,1
8580,128,1
8581,64,1
8582,66,1
8583,88,1
8584,48,1
8585,73,1
8586,49,1
8587,107,1
8588,75,1
8589,27,0
8590,130,1
8591,41,1
8592,59,1
8593,91,1
8594,179,1
8595,100,1
8596,63,1
8597,75,1
8598,71,1
8599,200,0
8600,170,0
8601,140,1
8602,115,1
8603,101,1
8604,118,1
8605,127,1
8606,72,1
8607,82,1
8608,195,1
8609,80,1
8610,39,1
8611,34,1
8612,164,1
8613,100,1
8614,38,1
8615,78,1
8616,91,1
8617,76,1
8618,50,1
8619,93,1
8620,101,1
8621,55,1
8622,143,1
8623,87,1
8624,135,0
8625,39,1
8626,57,1
8627,50,1
8628,83,1
8629,40,1
8630,89,1
8631,42,0
8632,74,1
8633,44,1
8634,140,1
8635,19,0
8636,65,1
8637,113,1
8638,81,1
8639,126,1
8640,74,1
8641,56,1
8642,36,1
8643,80,1
8644,134,1
8645,59,1
8646,83,1
8647,90,1
8648,200,0
8649,200,0
8650,137,1
8651,86,1
8652,133,1
8653,66,1
8654,141,1
8655,53,1
8656,117,1
8657,114,1
8658,40,1
8659,72,0
8660,32,1
8661,64,1
8662,35,1
8663,58,1
8664,60,1
8665,41,1
8666,43,1
8667,55,1
8668,53,1
8669,84,1
8670,115,1
8671,200,0
8672,91,1
8673,57,1
8674,32,1
8675,101,1
8676,34,0
8677,78,1
8678,56,1
8679,57,1
8680,92,1
8681,34,0
8682,40,1
8683,51,1
8684,107,1
8685,95,1
8686,47,1
8687,85,1
8688,54,1
8689,89,0
8690,53,1
8691,113,0
8692,160,1
8693,108,1
8694,82,1
8695,89,1
8696,74,1
8697,69,1
8698,82,1
8699,61,0
8700,57,1
8701,142,1
8702,41,1
8703,29,0
8704,200,0
8705,39,1
8706,70,1
8707,55,1
8708,84,1
8709,49,1
8710,39,1
8711,89,1
8712,31,0
8713,66,1
8714,60,1
8715,51,1
8716,62,1
8717,53,1
8718,40,1
8719,147,1
8720,39,1
8721,93,1
8722,51,1
8723,106,1
8724,85,1
8725,43,1
8726,39,1
8727,109,1
8728,67,1
8729,90,1
8730,87,1
8731,43,1
8732,93,1
8733,87,1
8734,117,1
8735,61,1
8736,94,1
8737,74,1
8738,79,1
8739,86,1
8740,109,0
8741,75,1
8742,130,1
8743,90,1
8744,73,1
8745,119,1
8746,141,1
8747,54,1
8748,109,0
8749,200,0
8750,78,1
8751,65,1
8752,28,1
8753,56,1
8754,86,1
8755,82,1
8756,56,1
8757,82,1
8758,35,1
8759,114,1
8760,120,1
8761,86,1
8762,79,0
8763,107,1
8764,38,0
8765,62,1
8766,50,1
8767,87,1
8768,138,1
8769,34,1
8770,94,1
8771,57,1
8772,87,1
8773,151,0
8774,50,1
8775,44,1
8776,50,1
8777,76,1
8778,93,1
8779,85,1
8780,71,1
8781,94,1
8782,75,1
8783,76,1
8784,34,1
8785,90,1
8786,153,1
8787,67,1
8788,45,1
8789,37,1
8790,48,1
8791,59,1
8792,145,0
8793,74,0
8794,69,1
8795,124,1
8796,144,1
8797,118,1
8798,101,1
8799,89,1
8800,62,1
8801,78,1
8802,76,1
8803,57,1
8804,88,0
8805,51,1
8806,89,1
8807,84,1
8808,50,1
8809,48,1
8810,128,1
8811,76,1
8812,110,1
8813,30,1
8814,49,1
8815,50,1
8816,67,1
8817,127,1
8818,120,1
8819,89,1
8820,125,1
8821,95,1
8822,40,1
8823,170,1
8824,53,1
8825,200,0
8826,36,1
8827,124,1
8828,81,1
8829,108,1
8830,189,1
8831,200,0
8832,73,1
8833,120,1
8834,200,0
8835,52,1
8836,200,0
8837,139,1
8838,100,1
8839,79,1
8840,74,1
8841,117,1
8842,102,1
8843,72,1
8844,175,1
8845,33,1
8846,152,1
8847,73,1
8848,81,1
8849,150,1
8850,68,1
8851,182,1
8852,200,0
8853,83,1
8854,136,1
8855,93,1
8856,29,1
8857,59,1
8858,89,1
8859,47,1
8860,147,1
8861,159,1
8862,116,1
8863,200,0
8864,77,1
8865,55,1
8866,76,1
8867,72,1
8868,108,1
8869,58,1
8870,76,1
8871,59,1
8872,65,1
8873,67,1
8874,36,1
8875,130,1
8876,113,1
8877,38,1
8878,76,0
8879,55,1
8880,77,1
8881,151,1
8882,145,1
8883,59,1
8884,140,1
8885,66,1
8886,177,1
8887,89,1
8888,36,1
8889,58,1
8890,200,0
8891,95,1
8892,40,1
8893,80,1
8894,89,1
8895,31,1
8896,72,1
8897,151,1
8898,117,1
8899,141,1
8900,57,1
8901,41,1
8902,200,0
8903,72,1
8904,59,1
8905,167,1
8906,115,0
8907,200,0
8908,120,1
8909,30,1
8910,62,1
8911,156,1
8912,76,1
8913,200,0
8914,120,1
8915,122,1
8916,93,1
8917,32,1
8918,128,0
8919,200,0
8920,40,1
8921,143,1
8922,200,0
8923,119,1
8924,96,1
8925,53,1
8926,97,1
8927,49,1
8928,39,1
8929,77,1
8930,77,1
8931,120,1
8932,200,0
8933,140,1
8934,172,1
8935,107,1
8936,137,1
8937,200,0
8938,58,1
8939,66,1
8940,52,1
8941,149,1
8942,38,0
8943,54,1
8944,60,1
8945,171,0
8946,77,1
8947,63,1
8948,41,1
8949,47,1
8950,118,1
8951,58,1
8952,57,1
8953,58,1
8954,54,1
8955,67,1
8956,89,1
8957,117,1
8958,183,1
8959,60,1
8960,166,1
8961,53,1
8962,81,1
8963,142,1
8964,44,1
8965,39,0
8966,38,1
8967,37,1
8968,81,0
8969,107,1
8970,164,1
8971,64,1
8972,86,0
8973,36,1
8974,93,1
8975,101,1
8976,31,1
8977,66,1
8978,87,1
8979,62,1
8980,85,1
8981,97,1
8982,116,1
8983,87,1
8984,136,1
8985,63,1
8986,200,0
8987,94,1
8988,88,1
8989,101,1
8990,56,1
8991,88,1
8992,27,1
8993,76,1
8994,126,1
8995,200,0
8996,54,1
8997,75,1
8998,78,1
8999,200,0
9000,144,1
9001,63,1
9002,96,1
9003,49,1
9004,79,1
9005,99,1
9006,81,1
9007,67,1
9008,104,1
9009,173,1
9010,85,1
9011,187,1
9012,104,1
9013,52,0
9014,136,1
9015,95,1
9016,86,1
9017,91,1
9018,90,1
9019,164,1
9020,102,1
9021,159,1
9022,95,1
9023,90,1
9024,101,1
9025,35,0
9026,97,1
9027,73,1
9028,106,1
9029,117,1
9030,136,1
9031,101,1
9032,171,1
9033,90,1
9034,54,1
9035,94,0
9036,50,1
9037,105,1
9038,101,1
9039,94,1
9040,118,1
9041,111,1
9042,32,1
9043,146,1
9044,200,0
9045,46,0
9046,149,0
9047,47,1
9048,47,1
9049,73,1
9050,150,1
9051,47,1
9052,97,1
9053,119,1
9054,178,1
9055,80,1
9056,45,1
9057,187,1
9058,74,1
9059,60,1
9060,47,1
9061,115,1
9062,131,1
9063,162,1
9064,164,1
9065,159,1
9066,66,1
9067,15,1
9068,156,1
9069,142,1
9070,82,1
9071,101,0
9072,58,1
9073,37,1
9074,123,1
9075,67,1
9076,50,1
9077,58,1
9078,155,1
9079,130,1
9080,125,1
9081,77,1
9082,108,1
9083,50,1
9084,186,1
9085,70,1
9086,200,0
9087,200,0
9088,113,1
9089,85,1
9090,73,1
9091,31,1
9092,101,1
9093,30,1
9094,67,1
9095,102,1
9096,81,1
9097,105,1
9098,39,1
9099,53,1
9100,62,1
9101,185,1
9102,78,1
9103,120,1
9104,80,1
9105,28,0
9106,128,1
9107,167,1
9108,184,1
9109,114,1
9110,53,1
9111,200,0
9112,136,1
9113,79,1
9114,47,1
9115,79,1
9116,107,0
9117,156,1
9118,115,1
9119,155,1
9120,135,1
9121,113,1
9122,74,1
9123,92,1
9124,200,0
9125,56,1
9126,124,1
9127,46,1
9128,39,1
9129,28,1
9130,93,1
9131,74,0
9132,126,1
9133,103,1
9134,35,1
9135,58,1
9136,62,0
9137,110,1
9138,109,1
9139,32,1
9140,69,1
9141,126,1
9142,104,1
9143,200,0
9144,156,1
9145,171,1
9146,33,1
9147,126,1
9148,61,1
9149,67,1
9150,45,1
9151,33,1
9152,101,1
9153,165,0
9154,33,1
9155,55,1
9156,50,1
9157,120,1
9158,79,1
9159,47,1
9160,53,1
9161,123,1
9162,69,1
9163,43,1
9164,64,1
9165,44,0
9166,90,1
9167,52,1
9168,47,1
9169,48,1
9170,67,1
9171,179,1
9172,81,1
9173,41,1
9174,73,1
9175,191,1
9176,41,1
9177,142,0
9178,65,0
9179,75,1
9180,58,1
9181,200,0
9182,200,0
9183,109,1
9184,186,1
9185,66,1
9186,121,1
9187,74,1
9188,76,1
9189,200,0
9190,77,1
9191,57,1
9192,82,1
9193,143,1
9194,72,1
9195,103,1
9196,168,1
9197,82,0
9198,125,0
9199,87,1
9200,200,0
9201,48,1
9202,127,1
9203,50,0
9204,108,1
9205,94,1
9206,157,1
9207,80,1
9208,51,1
9209,200,0
9210,127,1
9211,36,1
9212,70,1
9213,176,1
9214,77,1
9215,69,1
9216,127,1
9217,121,1
9218,41,1
9219,34,1
9220,61,1
9221,168,1
9222,119,1
9223,68,1
9224,129,1
9225,82,1
9226,76,1
9227,72,1
9228,147,1
9229,51,1
9230,55,1
9231,93,1
9232,200,0
9233,38,1
9234,91,0
9235,162,1
9236,55,1
9237,63,1
9238,52,1
9239,113,1
9240,66,1
9241,95,1
9242,59,1
9243,92,1
9244,44,1
9245,32,0
9246,16,0
9247,74,1
9248,42,0
9249,105,1
9250,88,1
9251,67,1
9252,46,1
9253,63,1
9254,88,1
9255,107,1
9256,88,0
9257,90,1
9258,38,1
9259,85,1
9260,64,1
9261,65,1
9262,191,1
9263,83,1
9264,45,1
9265,113,1
9266,177,1
9267,124,1
9268,86,1
9269,153,1
9270,143,1
9271,79,1
9272,36,1
9273,40,1
9274,60,1
9275,125,1
9276,83,1
9277,170,1
9278,57,1
9279,73,1
9280,69,1
9281,45,1
9282,200,0
9283,79,1
9284,147,1
9285,84,1
9286,152,1
9287,159,0
9288,158,1
9289,83,1
9290,78,1
9291,200,0
9292,40,1
9293,57,1
9294,102,1
9295,53,0
9296,65,1
9297,70,1
9298,47,1
9299,47,1
9300,59,1
9301,48,1
9302,87,1
9303,66,1
9304,111,1
9305,89,1
9306,147,1
9307,106,0
9308,100,1
9309,60,1
9310,129,1
9311,55,1
9312,38,1
9313,93,1
9314,25,1
9315,28,1
9316,61,1
9317,122,1
9318,52,1
9319,187,1
9320,91,1
9321,86,1
9322,96,1
9323,77,1
9324,142,1
9325,64,1
9326,39,1
9327,56,1
9328,60,1
9329,131,1
9330,40,1
9331,67,1
9332,91,0
9333,200,0
9334,108,1
9335,40,1
9336,34,1
9337,158,1
9338,84,1
9339,100,1
9340,80,1
9341,32,0
9342,105,0
9343,180,1
9344,155,1
9345,79,1
9346,67,1
9347,138,0
9348,58,1
9349,45,1
9350,55,1
9351,57,1
9352,140,1
9353,41,1
9354,115,1
9355,101,1
9356,50,1
9357,200,0
9358,84,1
9359,124,1
9360,77,1
9361,107,1
9362,41,1
9363,76,1
9364,78,1
9365,65,1
9366,133,1
9367,140,1
9368,135,1
9369,45,0
9370,131,1
9371,106,0
9372,79,0
9373,65,1
9374,139,1
9375,60,1
9376,31,1
9377,48,1
9378,145,1
9379,105,1
9380,52,1
9381,24,1
9382,46,1
9383,78,1
9384,52,0
9385,38,1
9386,46,0
9387,27,1
9388,109,1
9389,168,1
9390,151,0
9391,172,1
9392,79,1
9393,34,1
9394,41,1
9395,93,1
9396,200,0
9397,116,1
9398,39,1
9399,101,1
9400,28,0
9401,58,1
9402,40,1
9403,200,0
9404,179,1
9405,39,1
9406,29,0
9407,81,1
9408,58,1
9409,30,1
9410,107,0
9411,35,0
9412,123,1
9413,99,1
9414,158,1
9415,60,1
9416,53,1
9417,62,1
9418,51,1
9419,82,1
9420,64,1
9421,159,1
9422,108,1
9423,75,1
9424,200,0
9425,200,0
9426,155,1
9427,127,1
9428,46,1
9429,95,1
9430,183,1
9431,200,0
9432,73,1
9433,120,1
9434,78,1
9435,68,1
9436,141,1
9437,27,1
9438,50,0
9439,200,0
9440,92,1
9441,72,1
9442,97,1
9443,86,1
9444,63,1
9445,71,1
9446,78,1
9447,90,1
9448,35,1
9449,126,1
9450,104,1
9451,35,1
9452,62,1
9453,58,1
9454,98,1
9455,52,1
9456,57,0
9457,49,1
9458,65,1
9459,48,1
9460,25,0
9461,150,1
9462,131,1
9463,177,1
9464,62,1
9465,94,1
9466,64,1
9467,57,1
9468,83,1
9469,74,1
9470,64,1
9471,106,1
9472,80,1
9473,87,1
9474,51,1
9475,141,1
9476,83,1
9477,41,1
9478,38,1
9479,72,1
9480,66,1
9481,57,1
9482,121,1
9483,155,1
9484,50,0
9485,152,1
9486,83,1
9487,102,0
9488,64,1
9489,88,1
9490,48,1
9491,63,1
9492,87,1
9493,40,1
9494,96,1
9495,64,0
9496,29,1
9497,151,1
9498,113,1
9499,105,1
9500,36,1
9501,84,1
9502,39,1
9503,72,1
9504,40,1
9505,105,1
9506,95,1
9507,52,1
9508,83,1
9509,117,1
9510,61,1
9511,90,0
9512,34,1
9513,155,1
9514,167,1
9515,85,1
9516,126,0
9517,37,1
9518,71,1
9519,74,0
9520,74,1
9521,71,1
9522,100,0
9523,63,1
9524,86,1
9525,32,1
9526,89,1
9527,47,0
9528,74,1
9529,79,1
9530,133,1
9531,59,1
9532,35,1
9533,155,1
9534,64,1
9535,140,0
9536,71,1
9537,112,1
9538,200,0
9539,37,1
9540,76,1
9541,106,1
9542,46,1
9543,66,1
9544,98,1
9545,167,1
9546,74,1
9547,81,1
9548,200,0
9549,103,1
9550,102,1
9551,112,1
9552,60,1
9553,80,1
9554,59,0
9555,200,0
9556,93,1
9557,186,1
9558,74,0
9559,121,1
9560,200,0
9561,109,1
9562,42,1
9563,69,1
9564,50,1
9565,102,1
9566,64,1
9567,38,1
9568,38,0
9569,139,1
9570,200,0
9571,39,1
9572,65,1
9573,77,1
9574,81,1
9575,62,1
9576,115,1
9577,171,1
9578,70,1
9579,36,1
9580,54,1
9581,41,1
9582,68,1
9583,94,1
9584,42,0
9585,28,1
9586,45,1
9587,53,0
9588,60,1
9589,65,1
9590,30,1
9591,115,1
9592,200,0
9593,60,1
9594,52,0
9595,200,0
9596,83,1
9597,39,1
9598,183,1
9599,78,1
9600,41,1
9601,61,1
9602,84,1
9603,45,1
9604,99,1
9605,91,1
9606,89,1
9607,54,1
9608,44,1
9609,37,0
9610,91,1
9611,78,1
9612,89,1
9613,81,1
9614,27,1
9615,70,1
9616,93,1
9617,57,1
9618,200,0
9619,58,1
9620,87,1
9621,119,1
9622,42,1
9623,71,0
9624,42,1
9625,74,1
9626,130,1
9627,59,1
9628,61,1
9629,133,1
9630,67,1
9631,66,1
9632,112,1
9633,98,1
9634,58,1
9635,69,1
9636,34,1
9637,184,1
9638,109,1
9639,83,1
9640,77,1
9641,69,1
9642,41,1
9643,37,1
9644,177,1
9645,63,1
9646,67,1
9647,93,1
9648,126,1
9649,132,1
9650,98,1
9651,182,1
9652,119,1
9653,89,1
9654,46,1
9655,119,1
9656,82,1
9657,200,0
9658,131,1
9659,143,1
9660,48,1
9661,117,1
9662,100,1
9663,200,0
9664,155,1
9665,32,0
9666,81,1
9667,52,1
9668,37,1
9669,58,0
9670,56,1
9671,70,1
9672,77,1
9673,48,1
9674,85,0
9675,50,1
9676,42,1
9677,41,1
9678,67,1
9679,76,1
9680,133,1
9681,125,1
9682,88,1
9683,43,1
9684,106,1
9685,83,1
9686,39,1
9687,37,1
9688,68,1
9689,68,1
9690,93,1
9691,29,0
9692,94,1
9693,90,1
9694,86,1
9695,54,1
9696,65,0
9697,154,1
9698,101,0
9699,55,1
9700,66,1
9701,41,1
9702,159,1
9703,128,1
9704,118,0
9705,110,1
9706,37,0
9707,200,0
9708,49,1
9709,42,1
9710,52,1
9711,200,0
9712,65,1
9713,25,1
9714,84,1
9715,47,1
9716,63,1
9717,93,1
9718,53,1
9719,26,1
9720,70,1
9721,77,1
9722,158,1
9723,111,1
9724,138,1
9725,93,1
9726,66,1
9727,200,0
9728,71,1
9729,200,0
9730,155,1
9731,34,0
9732,105,1
9733,66,1
9734,156,1
9735,155,1
9736,81,0
9737,74,0
9738,58,1
9739,107,0
9740,200,0
9741,108,0
9742,95,1
9743,48,1
9744,132,1
9745,76,0
9746,80,1
9747,82,1
9748,200,0
9749,92,1
9750,105,1
9751,114,1
9752,65,1
9753,33,1
9754,90,1
9755,180,1
9756,55,1
9757,52,1
9758,85,1
9759,125,1
9760,83,1
9761,76,1
9762,164,1
9763,184,1
9764,143,1
9765,144,1
9766,90,1
9767,101,1
9768,93,0
9769,146,1
9770,58,1
9771,200,0
9772,107,1
9773,153,1
9774,90,1
9775,51,1
9776,173,1
9777,169,1
9778,69,1
9779,55,1
9780,51,1
9781,94,1
9782,127,1
9783,91,1
9784,92,1
9785,108,1
9786,78,1
9787,48,1
9788,62,1
9789,79,1
9790,115,1
9791,42,1
9792,107,1
9793,85,1
9794,31,1
9795,64,1
9796,172,1
9797,55,1
9798,32,1
9799,78,1
9800,179,1
9801,75,1
9802,35,1
9803,66,1
9804,59,1
9805,120,1
9806,135,1
9807,47,1
9808,43,1
9809,200,0
9810,124,1
9811,187,1
9812,43,1
9813,90,1
9814,97,1
9815,133,1
9816,92,1
9817,93,1
9818,77,1
9819,30,1
9820,192,1
9821,67,1
9822,136,1
9823,194,1
9824,64,1
9825,157,1
9826,92,0
9827,43,1
9828,39,1
9829,108,1
9830,84,1
9831,77,1
9832,38,0
9833,24,1
9834,68,1
9835,147,1
9836,135,1
9837,134,1
9838,75,1
9839,131,1
9840,52,0
9841,51,1
9842,93,1
9843,72,1
9844,60,1
9845,117,1
9846,54,1
9847,139,1
9848,141,1
9849,123,1
9850,148,1
9851,66,1
9852,53,1
9853,73,1
9854,86,1
9855,28,1
9856,82,1
9857,106,1
9858,27,1
9859,38,1
9860,41,0
9861,74,1
9862,135,1
9863,25,1
9864,78,1
9865,63,1
9866,71,1
9867,50,1
9868,62,1
9869,146,1
9870,200,0
9871,49,1
9872,41,1
9873,41,1
9874,27,1
9875,139,1
9876,55,1
9877,45,1
9878,78,1
9879,157,1
9880,97,1
9881,107,1
9882,78,1
9883,45,1
9884,90,0
9885,78,1
9886,64,1
9887,76,1
9888,58,1
9889,44,1
9890,30,1
9891,75,1
9892,200,0
9893,71,1
9894,27,1
9895,50,1
9896,32,1
9897,57,1
9898,200,0
9899,70,1
9900,190,1
9901,53,1
9902,41,1
9903,54,1
9904,49,1
9905,31,0
9906,26,0
9907,56,1
9908,59,1
9909,62,1
9910,89,1
9911,85,1
9912,41,1
9913,70,1
9914,73,1
9915,81,1
9916,28,1
9917,45,1
9918,200,0
9919,35,0
9920,83,1
9921,50,1
9922,27,0
9923,101,1
9924,68,1
9925,200,0
9926,55,1
9927,48,1
9928,123,1
9929,41,1
9930,27,1
9931,53,0
9932,73,1
9933,50,0
9934,87,1
9935,52,1
9936,44,1
9937,114,1
9938,66,1
9939,200,0
9940,156,1
9941,131,1
9942,109,1
9943,132,1
9944,33,1
9945,136,1
9946,98,1
9947,149,1
9948,54,1
9949,46,1
9950,96,1
9951,166,0
9952,86,1
9953,173,1
9954,200,0
9955,177,1
9956,84,1
9957,115,1
9958,108,0
9959,190,1
9960,47,1
9961,83,1
9962,113,1
9963,68,1
9964,69,1
9965,77,1
9966,28,1
9967,200,0
9968,152,1
9969,86,1
9970,76,1
9971,200,0
9972,138,1
9973,144,1
9974,35,1
9975,177,1
9976,60,1
9977,200,0
9978,154,1
9979,100,0
9980,106,1
9981,87,1
9982,53,1
9983,43,1
9984,24,1
9985,78,1
9986,25,1
9987,127,1
9988,118,1
9989,41,0
9990,25,1
9991,93,1
9992,175,1
9993,55,1
9994,117,1
9995,112,1
9996,103,1
9997,171,1
9998,127,1
9999,91,1
