episode,steps,reward
0,64,0
1,26,0
2,21,0
3,39,0
4,40,0
5,45,0
6,28,0
7,70,0
8,23,0
9,16,0
10,16,0
11,113,0
12,22,0
13,18,0
14,32,0
15,14,0
16,23,0
17,14,0
18,27,0
19,15,0
20,18,0
21,30,0
22,53,0
23,26,0
24,16,0
25,16,0
26,28,0
27,8,0
28,200,0
29,13,0
30,30,0
31,48,0
32,53,0
33,59,0
34,49,0
35,21,0
36,20,0
37,15,0
38,35,0
39,35,0
40,31,0
41,30,0
42,66,0
43,35,0
44,12,0
45,20,0
46,25,0
47,40,0
48,11,0
49,55,0
50,20,0
51,18,0
52,18,0
53,24,0
54,80,0
55,14,0
56,35,0
57,31,0
58,22,0
59,31,0
60,49,0
61,32,0
62,38,0
63,26,0
64,110,0
65,10,0
66,183,0
67,15,0
68,17,0
69,25,0
70,12,0
71,19,0
72,65,0
73,64,0
74,68,0
75,46,0
76,84,0
77,22,0
78,28,0
79,24,0
80,22,0
81,34,0
82,47,0
83,29,0
84,53,0
85,84,0
86,17,0
87,19,0
88,53,0
89,94,0
90,44,0
91,36,0
92,42,0
93,21,0
94,108,0
95,77,0
96,21,0
97,29,0
98,13,0
99,64,0
100,13,0
101,15,0
102,17,0
103,29,0
104,31,0
105,46,0
106,57,0
107,10,0
108,78,0
109,77,0
110,34,0
111,41,0
112,16,0
113,25,0
114,48,0
115,9,0
116,43,0
117,54,0
118,22,0
119,27,0
120,29,0
121,23,0
122,45,0
123,15,0
124,81,0
125,12,0
126,34,0
127,45,0
128,93,0
129,96,0
130,69,0
131,27,0
132,18,0
133,13,0
134,20,0
135,28,0
136,90,0
137,44,0
138,23,0
139,17,0
140,19,0
141,23,0
142,40,0
143,84,0
144,15,0
145,111,0
146,32,0
147,67,0
148,17,0
149,16,0
150,13,0
151,23,0
152,40,0
153,26,0
154,79,0
155,37,0
156,10,0
157,92,0
158,31,0
159,34,0
160,40,0
161,151,0
162,40,0
163,43,0
164,190,0
165,18,0
166,60,0
167,71,0
168,42,0
169,23,0
170,62,0
171,59,0
172,68,0
173,35,0
174,21,0
175,52,0
176,59,0
177,30,0
178,117,0
179,59,0
180,9,0
181,111,0
182,49,0
183,48,0
184,22,0
185,14,0
186,13,0
187,15,0
188,22,0
189,78,0
190,23,0
191,23,0
192,24,0
193,189,0
194,107,0
195,44,0
196,137,0
197,111,0
198,38,0
199,42,0
200,17,0
201,33,0
202,14,0
203,98,0
204,46,0
205,144,0
206,137,1
207,64,0
208,92,0
209,26,0
210,11,0
211,113,0
212,28,0
213,23,0
214,17,0
215,12,0
216,34,0
217,59,0
218,26,0
219,73,0
220,188,0
221,180,0
222,136,0
223,28,0
224,39,0
225,9,0
226,87,0
227,16,0
228,82,0
229,198,0
230,25,0
231,38,0
232,10,0
233,15,0
234,50,0
235,23,0
236,55,0
237,56,0
238,54,0
239,37,0
240,32,0
241,141,0
242,24,0
243,49,1
244,22,0
245,73,0
246,44,0
247,89,0
248,144,0
249,45,0
250,40,0
251,22,0
252,20,0
253,72,0
254,98,0
255,42,0
256,23,0
257,53,0
258,10,0
259,90,0
260,33,0
261,15,0
262,42,0
263,26,0
264,52,0
265,84,0
266,39,0
267,26,0
268,61,0
269,82,0
270,17,0
271,59,0
272,39,0
273,19,0
274,76,0
275,44,0
276,85,0
277,11,0
278,59,0
279,14,0
280,166,0
281,47,0
282,9,0
283,123,0
284,15,0
285,9,0
286,54,0
287,55,0
288,180,0
289,200,0
290,26,0
291,7,0
292,23,0
293,118,0
294,106,0
295,88,0
296,200,0
297,105,0
298,30,0
299,51,0
300,122,0
301,42,0
302,53,0
303,65,0
304,32,0
305,27,0
306,29,0
307,41,0
308,162,0
309,9,0
310,12,0
311,15,0
312,44,0
313,101,0
314,25,0
315,16,0
316,41,0
317,45,0
318,25,0
319,15,0
320,61,0
321,15,0
322,106,0
323,132,0
324,131,0
325,127,0
326,79,0
327,49,0
328,75,0
329,148,0
330,14,0
331,16,0
332,17,0
333,26,0
334,48,0
335,94,0
336,36,0
337,18,0
338,67,0
339,89,0
340,12,0
341,169,0
342,39,0
343,23,0
344,19,0
345,33,0
346,58,0
347,12,0
348,50,0
349,127,0
350,95,0
351,10,0
352,21,0
353,36,0
354,97,0
355,15,0
356,22,0
357,22,0
358,48,0
359,56,0
360,114,0
361,186,0
362,67,0
363,59,0
364,95,0
365,144,0
366,36,0
367,20,0
368,12,0
369,12,0
370,17,0
371,84,0
372,7,0
373,15,0
374,111,0
375,46,0
376,90,0
377,13,0
378,15,0
379,16,0
380,110,0
381,31,0
382,22,0
383,47,0
384,26,0
385,24,0
386,55,0
387,8,0
388,109,0
389,30,0
390,68,0
391,13,0
392,54,0
393,98,0
394,34,0
395,54,0
396,114,0
397,49,0
398,37,0
399,56,0
400,65,0
401,200,0
402,91,0
403,64,0
404,53,0
405,26,0
406,35,0
407,36,0
408,33,0
409,132,1
410,32,0
411,15,0
412,80,0
413,70,0
414,32,0
415,29,0
416,17,0
417,28,0
418,25,0
419,18,0
420,48,0
421,44,0
422,89,0
423,88,0
424,46,0
425,18,0
426,70,0
427,12,0
428,49,0
429,53,0
430,157,0
431,167,0
432,35,0
433,150,0
434,85,0
435,65,0
436,31,0
437,81,0
438,16,0
439,92,0
440,109,0
441,173,0
442,27,0
443,98,0
444,92,0
445,200,0
446,79,0
447,31,0
448,144,0
449,47,0
450,38,0
451,22,0
452,49,0
453,73,0
454,149,0
455,26,0
456,17,0
457,59,0
458,134,0
459,28,0
460,27,0
461,79,0
462,55,0
463,8,0
464,43,0
465,134,0
466,28,0
467,35,0
468,14,0
469,17,0
470,32,0
471,35,0
472,19,0
473,116,0
474,40,0
475,19,0
476,20,0
477,24,0
478,78,0
479,35,0
480,24,0
481,16,0
482,99,0
483,14,0
484,125,0
485,80,0
486,65,0
487,25,0
488,37,0
489,22,0
490,130,0
491,52,0
492,27,0
493,8,0
494,68,0
495,13,0
496,39,0
497,12,0
498,40,0
499,149,0
500,21,0
501,44,1
502,128,0
503,180,0
504,99,0
505,99,0
506,96,0
507,60,0
508,32,0
509,76,0
510,90,0
511,28,0
512,71,0
513,106,0
514,37,0
515,9,0
516,27,0
517,96,0
518,139,0
519,65,0
520,23,0
521,11,0
522,20,0
523,48,0
524,43,0
525,190,0
526,28,0
527,39,0
528,12,0
529,17,0
530,19,0
531,43,0
532,21,0
533,45,0
534,25,0
535,153,0
536,168,0
537,13,0
538,21,0
539,56,0
540,13,0
541,44,0
542,200,0
543,32,0
544,39,0
545,35,0
546,33,0
547,78,1
548,46,0
549,200,0
550,23,0
551,93,0
552,98,0
553,20,0
554,17,0
555,14,0
556,77,0
557,68,0
558,19,0
559,41,0
560,20,0
561,23,0
562,29,0
563,128,0
564,19,0
565,23,0
566,32,0
567,91,0
568,60,0
569,31,0
570,64,0
571,10,0
572,8,0
573,193,0
574,53,0
575,25,0
576,82,0
577,44,0
578,17,0
579,24,0
580,88,0
581,32,0
582,88,0
583,47,0
584,31,0
585,27,1
586,54,0
587,62,0
588,48,0
589,53,0
590,26,0
591,200,0
592,35,0
593,74,0
594,18,0
595,17,0
596,80,0
597,89,0
598,53,0
599,57,0
600,200,0
601,56,0
602,48,0
603,58,0
604,71,0
605,200,0
606,30,0
607,15,0
608,37,0
609,109,0
610,71,0
611,36,0
612,19,0
613,9,0
614,167,0
615,46,0
616,31,0
617,95,0
618,88,0
619,34,0
620,109,0
621,20,0
622,200,0
623,43,0
624,22,0
625,74,0
626,27,0
627,49,0
628,165,0
629,18,0
630,59,0
631,42,0
632,24,0
633,200,0
634,61,0
635,20,0
636,66,0
637,26,0
638,57,0
639,27,0
640,48,0
641,28,0
642,26,0
643,51,0
644,64,0
645,55,0
646,28,0
647,66,0
648,99,0
649,63,0
650,37,0
651,20,0
652,12,0
653,19,0
654,57,0
655,38,0
656,46,0
657,17,0
658,23,0
659,38,0
660,10,0
661,33,0
662,107,0
663,61,0
664,125,0
665,65,0
666,156,0
667,83,1
668,109,0
669,21,0
670,80,0
671,29,0
672,60,0
673,21,0
674,68,0
675,130,0
676,14,0
677,31,0
678,17,0
679,50,0
680,33,0
681,53,0
682,44,0
683,40,0
684,37,0
685,45,0
686,63,0
687,52,0
688,32,0
689,82,0
690,48,0
691,74,0
692,37,0
693,61,0
694,29,0
695,139,0
696,49,0
697,25,0
698,12,0
699,33,0
700,41,0
701,94,0
702,54,0
703,200,0
704,200,0
705,46,0
706,28,0
707,65,0
708,182,0
709,11,0
710,20,0
711,116,0
712,39,0
713,26,0
714,200,0
715,68,0
716,121,0
717,17,0
718,49,0
719,11,0
720,41,0
721,117,0
722,39,0
723,63,0
724,25,0
725,65,0
726,32,0
727,115,0
728,41,0
729,38,0
730,27,0
731,37,0
732,34,0
733,200,0
734,16,0
735,50,0
736,187,0
737,31,0
738,24,0
739,97,0
740,15,0
741,52,0
742,26,0
743,157,0
744,64,1
745,18,0
746,93,0
747,81,0
748,34,0
749,83,0
750,32,0
751,9,0
752,55,0
753,20,0
754,7,0
755,15,0
756,114,0
757,84,0
758,26,0
759,26,0
760,66,0
761,21,0
762,19,0
763,33,1
764,34,0
765,27,0
766,22,0
767,62,0
768,40,0
769,130,0
770,93,0
771,25,0
772,124,0
773,18,0
774,22,0
775,20,0
776,200,0
777,50,0
778,165,0
779,29,0
780,78,0
781,23,0
782,44,0
783,61,0
784,12,0
785,16,0
786,38,0
787,21,0
788,61,0
789,117,0
790,82,0
791,105,0
792,20,0
793,15,0
794,60,0
795,200,0
796,21,0
797,29,0
798,57,0
799,20,0
800,81,0
801,33,0
802,103,0
803,22,0
804,30,0
805,81,0
806,23,0
807,39,0
808,18,0
809,128,0
810,8,0
811,200,0
812,36,0
813,195,0
814,119,0
815,29,0
816,200,0
817,108,0
818,49,0
819,88,0
820,52,0
821,23,0
822,90,0
823,86,0
824,133,1
825,76,0
826,35,0
827,105,1
828,39,0
829,14,0
830,19,0
831,19,0
832,76,0
833,51,0
834,173,0
835,106,0
836,22,0
837,34,0
838,156,0
839,19,0
840,19,0
841,38,0
842,103,0
843,38,0
844,10,0
845,27,0
846,200,0
847,54,0
848,167,0
849,74,0
850,15,0
851,35,0
852,22,0
853,15,0
854,132,0
855,133,0
856,25,0
857,53,0
858,30,0
859,51,0
860,58,0
861,11,0
862,77,0
863,200,0
864,40,0
865,19,0
866,101,0
867,24,0
868,15,0
869,138,0
870,13,0
871,136,0
872,23,0
873,109,0
874,39,0
875,91,0
876,62,0
877,36,0
878,29,0
879,63,0
880,18,0
881,56,0
882,57,0
883,69,0
884,85,0
885,181,0
886,200,0
887,200,0
888,75,0
889,8,0
890,14,0
891,131,0
892,200,0
893,200,0
894,62,0
895,30,0
896,160,0
897,74,0
898,117,0
899,40,0
900,59,0
901,18,0
902,16,0
903,113,0
904,145,0
905,78,0
906,17,0
907,23,0
908,61,0
909,92,0
910,182,0
911,90,0
912,63,0
913,18,0
914,200,0
915,39,0
916,110,0
917,122,1
918,166,0
919,30,0
920,9,0
921,91,0
922,18,0
923,14,0
924,19,0
925,20,0
926,28,0
927,16,0
928,63,0
929,37,0
930,53,0
931,66,0
932,77,0
933,39,0
934,119,0
935,65,0
936,8,0
937,65,0
938,200,0
939,114,0
940,76,0
941,162,0
942,169,0
943,7,0
944,200,0
945,26,0
946,63,0
947,115,0
948,79,0
949,15,0
950,55,0
951,19,0
952,138,0
953,7,0
954,13,0
955,29,0
956,106,0
957,45,0
958,39,0
959,9,0
960,65,0
961,28,0
962,74,0
963,190,0
964,73,0
965,28,0
966,96,0
967,114,0
968,24,0
969,16,0
970,12,0
971,136,0
972,26,0
973,87,0
974,120,0
975,23,0
976,10,0
977,92,0
978,90,0
979,54,0
980,200,0
981,17,0
982,27,0
983,10,0
984,20,0
985,79,0
986,82,0
987,42,0
988,141,0
989,18,0
990,29,0
991,39,0
992,65,0
993,19,0
994,13,0
995,13,0
996,57,0
997,76,0
998,53,0
999,163,0
1000,100,1
1001,19,0
1002,51,0
1003,169,0
1004,48,0
1005,9,0
1006,35,0
1007,113,0
1008,69,0
1009,24,0
1010,29,0
1011,53,0
1012,200,0
1013,10,0
1014,68,0
1015,99,0
1016,9,0
1017,9,0
1018,159,0
1019,17,0
1020,9,0
1021,91,0
1022,16,0
1023,85,0
1024,34,0
1025,25,0
1026,16,0
1027,170,0
1028,127,0
1029,56,0
1030,16,0
1031,91,0
1032,50,0
1033,16,0
1034,144,0
1035,107,0
1036,77,0
1037,134,0
1038,17,0
1039,87,0
1040,22,0
1041,200,0
1042,18,0
1043,39,0
1044,110,0
1045,11,0
1046,50,0
1047,12,0
1048,36,0
1049,11,0
1050,32,0
1051,23,0
1052,27,0
1053,34,0
1054,26,0
1055,30,0
1056,11,0
1057,64,1
1058,33,0
1059,30,0
1060,38,0
1061,102,0
1062,142,0
1063,59,1
1064,110,0
1065,9,0
1066,66,0
1067,43,0
1068,63,0
1069,11,0
1070,11,0
1071,56,0
1072,29,0
1073,17,0
1074,40,0
1075,17,0
1076,70,0
1077,200,0
1078,136,0
1079,33,0
1080,79,0
1081,62,0
1082,14,0
1083,17,0
1084,60,0
1085,48,0
1086,125,0
1087,127,0
1088,35,0
1089,88,0
1090,83,0
1091,95,0
1092,69,0
1093,26,0
1094,36,0
1095,56,0
1096,81,0
1097,15,0
1098,13,0
1099,34,0
1100,26,0
1101,8,0
1102,52,0
1103,69,0
1104,26,0
1105,75,1
1106,145,0
1107,82,0
1108,128,0
1109,30,0
1110,26,0
1111,40,0
1112,74,0
1113,87,0
1114,50,0
1115,42,0
1116,32,0
1117,51,0
1118,13,0
1119,55,0
1120,51,0
1121,102,0
1122,200,0
1123,33,1
1124,12,0
1125,23,0
1126,21,0
1127,48,0
1128,77,0
1129,70,0
1130,184,0
1131,53,0
1132,43,0
1133,33,0
1134,19,0
1135,22,0
1136,118,1
1137,11,0
1138,48,0
1139,200,0
1140,62,0
1141,64,0
1142,17,0
1143,45,0
1144,62,0
1145,31,0
1146,57,0
1147,72,1
1148,14,0
1149,8,0
1150,13,0
1151,49,0
1152,56,0
1153,13,0
1154,20,0
1155,44,0
1156,181,0
1157,11,0
1158,36,0
1159,82,0
1160,62,0
1161,91,0
1162,39,0
1163,68,0
1164,95,1
1165,16,0
1166,11,0
1167,78,0
1168,31,0
1169,38,0
1170,180,0
1171,18,0
1172,47,0
1173,136,0
1174,184,0
1175,17,0
1176,22,0
1177,15,0
1178,17,0
1179,16,0
1180,30,0
1181,28,0
1182,98,0
1183,127,0
1184,34,0
1185,163,0
1186,7,0
1187,52,0
1188,17,0
1189,59,0
1190,26,0
1191,17,0
1192,20,0
1193,131,0
1194,63,0
1195,34,0
1196,21,0
1197,82,0
1198,18,0
1199,45,0
1200,19,0
1201,118,0
1202,119,0
1203,53,0
1204,158,0
1205,91,0
1206,23,0
1207,122,0
1208,41,0
1209,52,0
1210,21,0
1211,22,0
1212,36,0
1213,16,0
1214,74,0
1215,11,0
1216,9,0
1217,180,0
1218,61,0
1219,12,0
1220,17,0
1221,18,0
1222,129,0
1223,33,0
1224,92,0
1225,13,0
1226,200,0
1227,127,0
1228,21,0
1229,200,0
1230,74,0
1231,66,0
1232,29,0
1233,80,0
1234,77,0
1235,60,0
1236,26,0
1237,63,0
1238,65,0
1239,34,0
1240,31,0
1241,10,0
1242,13,0
1243,23,0
1244,90,0
1245,200,0
1246,22,0
1247,24,0
1248,119,0
1249,167,0
1250,48,0
1251,9,0
1252,32,0
1253,61,0
1254,40,0
1255,84,0
1256,66,1
1257,23,0
1258,82,0
1259,45,0
1260,19,0
1261,9,0
1262,16,0
1263,39,0
1264,128,0
1265,108,0
1266,109,0
1267,29,0
1268,42,0
1269,30,0
1270,200,0
1271,133,0
1272,39,0
1273,33,0
1274,32,0
1275,11,0
1276,20,0
1277,127,0
1278,19,0
1279,27,0
1280,36,1
1281,9,0
1282,10,0
1283,112,0
1284,49,1
1285,89,0
1286,36,0
1287,33,0
1288,107,0
1289,200,0
1290,12,0
1291,185,0
1292,21,0
1293,54,0
1294,89,0
1295,56,0
1296,31,0
1297,22,0
1298,110,0
1299,59,0
1300,16,0
1301,98,0
1302,26,0
1303,13,0
1304,11,0
1305,13,0
1306,56,0
1307,30,0
1308,77,0
1309,13,0
1310,22,0
1311,21,0
1312,31,0
1313,168,0
1314,58,0
1315,200,0
1316,21,0
1317,7,0
1318,15,0
1319,172,0
1320,14,0
1321,65,0
1322,28,0
1323,70,0
1324,13,0
1325,81,0
1326,102,0
1327,23,0
1328,122,0
1329,200,0
1330,72,0
1331,42,0
1332,147,0
1333,15,0
1334,9,0
1335,79,1
1336,32,0
1337,200,0
1338,7,0
1339,14,0
1340,19,0
1341,75,0
1342,200,0
1343,16,0
1344,16,0
1345,81,0
1346,77,0
1347,74,0
1348,126,0
1349,25,0
1350,159,0
1351,17,0
1352,16,0
1353,28,0
1354,44,0
1355,102,0
1356,200,0
1357,145,0
1358,29,0
1359,22,0
1360,69,0
1361,18,0
1362,36,0
1363,15,0
1364,162,1
1365,34,0
1366,13,0
1367,43,0
1368,26,0
1369,15,0
1370,21,0
1371,14,0
1372,17,0
1373,15,0
1374,55,0
1375,18,0
1376,37,0
1377,20,0
1378,26,0
1379,32,0
1380,51,0
1381,9,0
1382,44,0
1383,17,0
1384,98,0
1385,52,0
1386,18,0
1387,82,0
1388,81,1
1389,122,0
1390,7,0
1391,49,0
1392,65,0
1393,46,0
1394,17,0
1395,16,0
1396,47,0
1397,33,0
1398,52,0
1399,37,0
1400,47,0
1401,20,0
1402,19,0
1403,14,0
1404,38,0
1405,19,0
1406,15,0
1407,170,0
1408,100,0
1409,24,0
1410,90,0
1411,40,0
1412,79,0
1413,25,0
1414,67,0
1415,14,0
1416,200,0
1417,23,0
1418,107,0
1419,79,0
1420,20,0
1421,64,0
1422,11,0
1423,94,0
1424,13,0
1425,11,0
1426,64,0
1427,135,0
1428,20,0
1429,143,0
1430,31,0
1431,15,0
1432,52,0
1433,119,0
1434,98,0
1435,20,0
1436,81,0
1437,13,0
1438,71,0
1439,16,0
1440,66,0
1441,68,0
1442,32,0
1443,142,0
1444,105,0
1445,14,0
1446,145,0
1447,50,0
1448,38,0
1449,24,0
1450,25,0
1451,130,0
1452,19,0
1453,127,0
1454,21,0
1455,45,0
1456,66,0
1457,14,0
1458,110,0
1459,146,1
1460,35,0
1461,59,0
1462,80,0
1463,40,0
1464,200,0
1465,41,0
1466,15,0
1467,34,0
1468,33,0
1469,63,1
1470,48,0
1471,52,0
1472,99,0
1473,148,0
1474,75,0
1475,28,0
1476,19,0
1477,21,0
1478,26,0
1479,141,0
1480,95,0
1481,33,0
1482,66,0
1483,33,0
1484,18,0
1485,33,0
1486,17,0
1487,92,0
1488,111,0
1489,38,0
1490,54,0
1491,43,0
1492,45,0
1493,16,0
1494,200,0
1495,26,0
1496,65,0
1497,34,0
1498,51,0
1499,47,0
1500,12,0
1501,27,0
1502,138,0
1503,200,0
1504,59,0
1505,67,0
1506,44,0
1507,96,0
1508,19,0
1509,50,0
1510,52,0
1511,131,0
1512,31,0
1513,47,0
1514,40,0
1515,15,0
1516,78,0
1517,13,0
1518,85,0
1519,53,0
1520,100,0
1521,30,0
1522,135,0
1523,33,0
1524,126,0
1525,19,0
1526,61,0
1527,96,0
1528,53,0
1529,10,0
1530,78,0
1531,70,0
1532,28,0
1533,15,0
1534,51,0
1535,35,0
1536,45,0
1537,16,0
1538,141,0
1539,65,0
1540,19,0
1541,46,0
1542,9,0
1543,16,0
1544,19,0
1545,59,0
1546,143,0
1547,70,0
1548,123,0
1549,29,0
1550,43,0
1551,115,0
1552,187,0
1553,8,0
1554,97,0
1555,28,0
1556,20,0
1557,146,0
1558,77,0
1559,11,0
1560,43,0
1561,21,0
1562,110,0
1563,51,0
1564,34,0
1565,14,0
1566,102,0
1567,139,0
1568,34,0
1569,28,0
1570,35,0
1571,62,0
1572,122,0
1573,116,0
1574,68,0
1575,98,0
1576,181,0
1577,120,0
1578,61,0
1579,144,0
1580,84,0
1581,18,0
1582,111,0
1583,31,0
1584,22,0
1585,12,0
1586,108,0
1587,20,0
1588,117,0
1589,37,0
1590,30,0
1591,98,0
1592,78,0
1593,87,1
1594,41,0
1595,15,0
1596,27,0
1597,18,0
1598,59,0
1599,57,0
1600,78,0
1601,59,0
1602,60,0
1603,72,0
1604,31,0
1605,33,0
1606,25,0
1607,66,0
1608,77,0
1609,75,0
1610,13,0
1611,43,0
1612,15,0
1613,19,0
1614,15,0
1615,45,0
1616,10,0
1617,20,0
1618,39,0
1619,12,0
1620,14,0
1621,57,0
1622,94,0
1623,200,0
1624,51,0
1625,18,0
1626,14,0
1627,79,0
1628,195,0
1629,45,0
1630,45,1
1631,42,0
1632,126,0
1633,67,0
1634,79,0
1635,31,0
1636,9,0
1637,55,0
1638,54,0
1639,35,0
1640,43,0
1641,24,0
1642,69,0
1643,168,0
1644,78,0
1645,18,0
1646,26,0
1647,27,0
1648,66,0
1649,44,0
1650,92,1
1651,58,0
1652,78,0
1653,64,0
1654,95,0
1655,164,0
1656,84,0
1657,47,1
1658,60,0
1659,42,0
1660,49,0
1661,44,0
1662,40,0
1663,23,0
1664,7,0
1665,30,0
1666,196,0
1667,200,0
1668,37,0
1669,21,0
1670,20,0
1671,119,0
1672,49,0
1673,18,0
1674,38,0
1675,17,0
1676,151,1
1677,16,0
1678,73,0
1679,22,0
1680,26,0
1681,94,0
1682,44,0
1683,26,0
1684,138,0
1685,42,0
1686,40,0
1687,148,0
1688,71,0
1689,7,0
1690,169,1
1691,26,0
1692,84,1
1693,42,0
1694,73,0
1695,14,0
1696,55,0
1697,19,0
1698,41,0
1699,200,0
1700,63,0
1701,121,0
1702,111,1
1703,68,0
1704,24,0
1705,10,0
1706,44,0
1707,47,0
1708,72,0
1709,28,0
1710,51,0
1711,96,0
1712,17,0
1713,14,0
1714,25,1
1715,200,0
1716,13,0
1717,57,0
1718,29,0
1719,25,0
1720,101,1
1721,55,0
1722,16,0
1723,66,0
1724,11,0
1725,128,0
1726,58,0
1727,17,0
1728,26,0
1729,12,0
1730,22,0
1731,40,0
1732,12,0
1733,63,0
1734,44,0
1735,19,0
1736,200,0
1737,24,0
1738,26,0
1739,98,0
1740,62,0
1741,103,0
1742,196,0
1743,81,0
1744,10,0
1745,28,0
1746,64,0
1747,21,0
1748,81,0
1749,53,0
1750,63,0
1751,139,0
1752,25,0
1753,24,0
1754,49,0
1755,200,0
1756,159,0
1757,64,0
1758,200,0
1759,26,0
1760,18,0
1761,11,0
1762,43,0
1763,14,0
1764,72,0
1765,124,0
1766,66,0
1767,120,0
1768,65,0
1769,85,0
1770,42,0
1771,16,0
1772,14,0
1773,12,0
1774,121,0
1775,37,0
1776,18,0
1777,14,0
1778,71,0
1779,24,0
1780,85,0
1781,30,0
1782,13,0
1783,50,0
1784,121,0
1785,98,0
1786,173,0
1787,66,0
1788,9,0
1789,18,0
1790,90,1
1791,24,0
1792,13,0
1793,55,0
1794,29,0
1795,43,0
1796,112,0
1797,28,0
1798,50,0
1799,91,0
1800,87,0
1801,121,0
1802,104,0
1803,15,0
1804,54,0
1805,112,0
1806,18,0
1807,13,0
1808,33,0
1809,24,0
1810,41,0
1811,17,0
1812,200,0
1813,132,0
1814,49,0
1815,56,0
1816,200,0
1817,33,0
1818,11,0
1819,19,0
1820,25,0
1821,66,0
1822,19,0
1823,26,0
1824,73,0
1825,180,0
1826,70,0
1827,139,0
1828,22,0
1829,30,0
1830,42,0
1831,40,0
1832,103,0
1833,23,0
1834,78,0
1835,128,0
1836,16,0
1837,11,0
1838,17,0
1839,15,0
1840,73,0
1841,23,0
1842,200,0
1843,105,0
1844,13,0
1845,41,0
1846,42,1
1847,69,0
1848,10,0
1849,70,0
1850,31,0
1851,42,0
1852,57,0
1853,16,0
1854,30,0
1855,79,0
1856,165,0
1857,134,0
1858,87,0
1859,11,0
1860,66,0
1861,122,0
1862,165,0
1863,13,0
1864,28,0
1865,22,0
1866,16,0
1867,76,0
1868,56,0
1869,9,0
1870,126,0
1871,93,0
1872,21,0
1873,34,0
1874,69,0
1875,13,0
1876,84,1
1877,15,0
1878,71,0
1879,28,0
1880,31,0
1881,41,0
1882,32,0
1883,13,0
1884,19,0
1885,64,0
1886,74,0
1887,26,0
1888,85,0
1889,30,0
1890,94,0
1891,200,0
1892,22,0
1893,55,0
1894,174,0
1895,16,0
1896,53,0
1897,29,0
1898,26,0
1899,49,0
1900,49,0
1901,200,0
1902,58,0
1903,104,0
1904,75,0
1905,9,0
1906,44,0
1907,86,0
1908,185,0
1909,142,0
1910,58,0
1911,14,0
1912,37,0
1913,151,0
1914,79,0
1915,31,0
1916,76,0
1917,21,0
1918,19,0
1919,37,0
1920,37,1
1921,17,0
1922,200,0
1923,111,0
1924,24,0
1925,17,0
1926,22,0
1927,10,0
1928,200,0
1929,145,0
1930,72,0
1931,75,0
1932,137,0
1933,37,0
1934,92,0
1935,57,0
1936,15,0
1937,13,0
1938,53,0
1939,21,0
1940,102,0
1941,22,0
1942,77,1
1943,125,0
1944,47,0
1945,99,0
1946,83,0
1947,96,1
1948,30,0
1949,39,0
1950,53,0
1951,43,0
1952,17,0
1953,32,0
1954,137,0
1955,30,0
1956,61,0
1957,47,0
1958,25,0
1959,37,0
1960,60,0
1961,38,0
1962,71,0
1963,189,0
1964,47,0
1965,97,0
1966,68,0
1967,22,0
1968,24,0
1969,52,0
1970,37,0
1971,27,0
1972,131,0
1973,31,0
1974,34,0
1975,50,0
1976,40,0
1977,57,0
1978,17,0
1979,42,0
1980,19,0
1981,45,0
1982,73,0
1983,142,0
1984,26,0
1985,22,0
1986,58,0
1987,21,0
1988,13,0
1989,104,0
1990,78,0
1991,117,0
1992,72,0
1993,36,0
1994,57,0
1995,35,0
1996,67,0
1997,29,0
1998,136,0
1999,49,0
2000,13,0
2001,83,0
2002,30,0
2003,69,0
2004,112,0
2005,23,0
2006,28,0
2007,35,0
2008,11,0
2009,7,0
2010,170,0
2011,32,0
2012,27,0
2013,21,0
2014,23,0
2015,24,0
2016,54,0
2017,142,0
2018,60,0
2019,38,0
2020,19,0
2021,68,0
2022,184,1
2023,97,0
2024,45,0
2025,25,0
2026,200,0
2027,62,0
2028,184,0
2029,57,0
2030,41,0
2031,65,0
2032,74,0
2033,36,0
2034,21,0
2035,25,0
2036,17,0
2037,73,0
2038,30,0
2039,33,0
2040,12,0
2041,24,0
2042,31,0
2043,30,0
2044,183,0
2045,40,0
2046,16,0
2047,96,0
2048,28,0
2049,156,0
2050,24,0
2051,19,0
2052,11,0
2053,81,0
2054,54,0
2055,101,0
2056,28,0
2057,116,0
2058,10,0
2059,27,0
2060,9,0
2061,106,0
2062,126,0
2063,29,0
2064,16,0
2065,43,0
2066,58,0
2067,200,0
2068,31,0
2069,14,0
2070,9,0
2071,41,0
2072,100,0
2073,82,0
2074,13,0
2075,57,0
2076,200,0
2077,37,0
2078,84,1
2079,24,0
2080,119,0
2081,18,0
2082,34,0
2083,47,0
2084,52,0
2085,32,0
2086,17,0
2087,95,0
2088,51,0
2089,56,0
2090,67,0
2091,200,0
2092,134,0
2093,77,1
2094,39,0
2095,94,0
2096,32,0
2097,15,0
2098,44,0
2099,8,0
2100,70,0
2101,20,0
2102,115,0
2103,45,0
2104,86,0
2105,142,0
2106,16,0
2107,79,0
2108,104,0
2109,24,0
2110,14,0
2111,42,0
2112,57,0
2113,200,0
2114,192,0
2115,35,0
2116,163,0
2117,104,0
2118,38,0
2119,23,0
2120,36,0
2121,21,0
2122,36,0
2123,31,0
2124,55,1
2125,17,0
2126,143,0
2127,37,0
2128,16,0
2129,14,0
2130,42,0
2131,11,0
2132,155,0
2133,17,0
2134,12,0
2135,19,0
2136,48,0
2137,89,0
2138,98,0
2139,101,0
2140,58,0
2141,25,0
2142,62,0
2143,23,0
2144,29,0
2145,134,0
2146,43,0
2147,73,1
2148,74,0
2149,54,0
2150,200,0
2151,25,0
2152,21,0
2153,32,0
2154,29,0
2155,81,0
2156,13,0
2157,107,1
2158,129,0
2159,12,0
2160,200,0
2161,67,0
2162,100,0
2163,57,0
2164,60,0
2165,37,0
2166,200,0
2167,100,0
2168,74,0
2169,64,0
2170,86,1
2171,33,0
2172,18,0
2173,21,0
2174,104,0
2175,56,0
2176,26,0
2177,50,0
2178,57,0
2179,18,0
2180,45,0
2181,13,0
2182,61,0
2183,40,0
2184,14,0
2185,107,0
2186,175,0
2187,83,0
2188,42,0
2189,33,0
2190,200,0
2191,89,0
2192,35,0
2193,16,0
2194,161,0
2195,75,0
2196,42,0
2197,47,0
2198,200,0
2199,66,0
2200,33,0
2201,100,0
2202,125,0
2203,82,0
2204,12,0
2205,32,0
2206,21,0
2207,30,0
2208,14,0
2209,24,0
2210,109,0
2211,29,0
2212,37,0
2213,19,0
2214,52,1
2215,200,0
2216,71,0
2217,176,0
2218,27,0
2219,75,0
2220,153,0
2221,121,0
2222,19,0
2223,183,0
2224,57,0
2225,157,0
2226,18,0
2227,76,0
2228,116,0
2229,31,0
2230,45,0
2231,19,0
2232,97,0
2233,200,0
2234,34,0
2235,14,0
2236,17,0
2237,11,0
2238,168,0
2239,53,0
2240,46,0
2241,15,0
2242,147,0
2243,120,0
2244,100,0
2245,50,0
2246,7,0
2247,76,0
2248,19,0
2249,66,0
2250,40,0
2251,125,0
2252,84,0
2253,12,0
2254,11,0
2255,23,0
2256,93,0
2257,143,0
2258,37,0
2259,63,0
2260,105,0
2261,31,0
2262,94,0
2263,29,0
2264,148,0
2265,71,0
2266,40,0
2267,11,0
2268,71,0
2269,122,0
2270,17,0
2271,104,0
2272,40,0
2273,13,0
2274,57,0
2275,122,0
2276,22,0
2277,20,0
2278,17,0
2279,163,0
2280,76,0
2281,102,1
2282,22,0
2283,22,0
2284,39,0
2285,200,0
2286,84,0
2287,19,0
2288,37,0
2289,15,0
2290,13,0
2291,128,0
2292,78,0
2293,34,0
2294,111,0
2295,86,0
2296,44,0
2297,63,0
2298,23,0
2299,114,0
2300,77,0
2301,110,0
2302,29,0
2303,33,0
2304,16,0
2305,51,0
2306,200,0
2307,143,0
2308,24,0
2309,11,0
2310,33,0
2311,17,0
2312,16,0
2313,80,0
2314,42,0
2315,44,0
2316,20,0
2317,104,0
2318,14,0
2319,86,0
2320,69,0
2321,13,0
2322,200,0
2323,167,0
2324,122,0
2325,133,0
2326,60,0
2327,55,0
2328,23,0
2329,67,0
2330,180,0
2331,52,0
2332,58,0
2333,70,0
2334,118,0
2335,23,0
2336,56,0
2337,11,0
2338,61,0
2339,16,0
2340,40,0
2341,26,0
2342,88,0
2343,22,0
2344,55,0
2345,54,0
2346,55,0
2347,92,0
2348,73,0
2349,62,0
2350,15,0
2351,19,0
2352,166,0
2353,14,0
2354,13,0
2355,91,1
2356,53,0
2357,87,0
2358,63,0
2359,17,0
2360,66,0
2361,110,0
2362,16,0
2363,108,0
2364,177,0
2365,186,0
2366,106,0
2367,8,0
2368,15,0
2369,30,0
2370,111,0
2371,21,0
2372,34,0
2373,70,0
2374,91,0
2375,54,0
2376,119,0
2377,25,0
2378,16,0
2379,52,0
2380,85,0
2381,39,0
2382,69,0
2383,43,0
2384,151,0
2385,131,0
2386,48,0
2387,82,0
2388,123,0
2389,77,0
2390,82,0
2391,72,0
2392,81,0
2393,12,0
2394,66,0
2395,50,0
2396,174,0
2397,18,0
2398,43,0
2399,19,0
2400,24,0
2401,34,0
2402,51,1
2403,31,0
2404,176,0
2405,9,0
2406,12,0
2407,21,0
2408,10,0
2409,27,0
2410,18,0
2411,143,0
2412,95,0
2413,13,0
2414,37,0
2415,10,0
2416,58,0
2417,30,0
2418,60,0
2419,44,0
2420,41,0
2421,13,0
2422,195,0
2423,200,0
2424,68,0
2425,38,0
2426,137,0
2427,81,0
2428,146,0
2429,58,0
2430,7,0
2431,91,0
2432,22,0
2433,34,0
2434,68,0
2435,27,0
2436,34,0
2437,200,0
2438,60,0
2439,172,0
2440,44,0
2441,27,0
2442,50,0
2443,127,0
2444,52,0
2445,64,0
2446,59,0
2447,59,0
2448,10,0
2449,10,0
2450,80,0
2451,36,0
2452,13,0
2453,142,1
2454,44,0
2455,25,0
2456,82,0
2457,20,0
2458,96,0
2459,33,0
2460,13,0
2461,20,0
2462,29,0
2463,23,0
2464,200,0
2465,27,0
2466,37,0
2467,9,0
2468,63,0
2469,200,0
2470,57,0
2471,155,0
2472,45,0
2473,18,0
2474,69,0
2475,54,0
2476,31,0
2477,42,0
2478,200,1
2479,19,0
2480,13,0
2481,36,0
2482,36,0
2483,200,0
2484,16,0
2485,42,0
2486,112,0
2487,20,0
2488,22,0
2489,29,0
2490,11,0
2491,68,0
2492,14,0
2493,15,0
2494,11,0
2495,23,0
2496,55,0
2497,41,0
2498,89,0
2499,145,0
2500,72,0
2501,171,0
2502,31,0
2503,200,0
2504,30,0
2505,52,0
2506,22,0
2507,78,0
2508,31,0
2509,66,0
2510,30,0
2511,33,0
2512,33,0
2513,143,0
2514,107,1
2515,112,0
2516,30,0
2517,15,0
2518,35,0
2519,57,0
2520,66,0
2521,72,0
2522,30,0
2523,18,0
2524,36,0
2525,200,0
2526,37,0
2527,126,0
2528,200,0
2529,16,0
2530,19,0
2531,31,0
2532,58,0
2533,71,0
2534,67,0
2535,37,0
2536,52,0
2537,51,0
2538,12,0
2539,77,0
2540,57,0
2541,57,0
2542,7,0
2543,72,0
2544,20,0
2545,138,0
2546,78,0
2547,49,1
2548,36,0
2549,200,0
2550,135,0
2551,34,0
2552,37,0
2553,82,0
2554,21,0
2555,66,0
2556,17,0
2557,29,0
2558,35,0
2559,82,0
2560,35,0
2561,200,0
2562,147,0
2563,33,0
2564,31,0
2565,100,0
2566,17,0
2567,13,0
2568,94,0
2569,21,0
2570,18,0
2571,15,0
2572,18,0
2573,32,0
2574,146,0
2575,27,0
2576,46,0
2577,15,0
2578,15,0
2579,18,0
2580,41,0
2581,70,0
2582,17,0
2583,73,0
2584,10,0
2585,96,0
2586,27,0
2587,85,0
2588,121,0
2589,15,0
2590,56,0
2591,29,0
2592,17,0
2593,22,0
2594,15,0
2595,36,0
2596,63,0
2597,85,0
2598,45,0
2599,31,0
2600,200,0
2601,103,0
2602,42,0
2603,138,0
2604,104,0
2605,144,0
2606,41,0
2607,31,0
2608,18,0
2609,31,0
2610,7,0
2611,114,0
2612,47,0
2613,47,0
2614,92,0
2615,25,0
2616,48,0
2617,30,0
2618,14,0
2619,67,1
2620,47,0
2621,18,0
2622,33,0
2623,74,0
2624,12,0
2625,134,0
2626,105,0
2627,200,0
2628,46,0
2629,42,0
2630,24,0
2631,23,0
2632,24,0
2633,72,0
2634,200,0
2635,35,0
2636,24,0
2637,24,0
2638,89,0
2639,172,0
2640,75,0
2641,22,0
2642,67,0
2643,46,0
2644,53,0
2645,52,0
2646,44,1
2647,46,0
2648,33,0
2649,15,0
2650,13,0
2651,22,0
2652,52,0
2653,19,0
2654,124,0
2655,12,0
2656,78,0
2657,17,0
2658,46,0
2659,119,0
2660,92,0
2661,115,0
2662,197,0
2663,35,0
2664,14,0
2665,34,0
2666,104,0
2667,42,0
2668,48,0
2669,55,0
2670,77,0
2671,157,0
2672,21,0
2673,13,0
2674,56,0
2675,25,0
2676,141,0
2677,32,0
2678,131,0
2679,35,0
2680,54,0
2681,47,0
2682,28,0
2683,25,0
2684,55,1
2685,47,1
2686,69,0
2687,22,0
2688,24,0
2689,35,0
2690,74,0
2691,135,0
2692,77,0
2693,45,0
2694,57,0
2695,200,0
2696,51,0
2697,84,0
2698,23,0
2699,42,0
2700,76,0
2701,59,0
2702,84,0
2703,32,0
2704,111,0
2705,22,0
2706,200,0
2707,35,0
2708,178,0
2709,36,0
2710,45,0
2711,114,1
2712,44,0
2713,21,0
2714,121,0
2715,16,0
2716,74,0
2717,58,0
2718,45,0
2719,24,0
2720,15,0
2721,91,0
2722,171,0
2723,48,1
2724,31,0
2725,20,0
2726,57,0
2727,109,0
2728,31,0
2729,11,0
2730,200,0
2731,60,0
2732,28,0
2733,111,0
2734,60,0
2735,105,0
2736,20,0
2737,12,0
2738,77,0
2739,127,0
2740,83,0
2741,165,0
2742,55,0
2743,27,0
2744,117,0
2745,8,0
2746,67,0
2747,27,0
2748,77,0
2749,29,0
2750,101,0
2751,27,0
2752,31,0
2753,44,0
2754,147,0
2755,66,0
2756,64,0
2757,11,0
2758,30,0
2759,132,0
2760,9,0
2761,37,0
2762,83,0
2763,64,0
2764,54,0
2765,28,0
2766,38,0
2767,17,0
2768,140,0
2769,112,0
2770,32,0
2771,16,0
2772,19,0
2773,169,1
2774,17,0
2775,41,0
2776,76,0
2777,60,0
2778,26,0
2779,83,0
2780,36,0
2781,12,0
2782,29,0
2783,200,0
2784,26,0
2785,88,0
2786,16,0
2787,136,0
2788,200,0
2789,200,0
2790,193,0
2791,20,0
2792,28,0
2793,60,0
2794,30,0
2795,102,0
2796,27,0
2797,65,0
2798,90,0
2799,13,0
2800,26,0
2801,32,0
2802,36,0
2803,31,0
2804,78,0
2805,32,0
2806,72,0
2807,101,0
2808,18,0
2809,160,0
2810,48,0
2811,12,0
2812,87,0
2813,41,0
2814,17,0
2815,13,0
2816,72,0
2817,33,0
2818,30,0
2819,25,0
2820,36,0
2821,43,0
2822,43,0
2823,60,0
2824,111,0
2825,18,0
2826,45,0
2827,115,0
2828,79,0
2829,86,0
2830,16,0
2831,90,0
2832,63,0
2833,88,0
2834,12,0
2835,31,0
2836,51,0
2837,47,0
2838,93,0
2839,34,0
2840,21,0
2841,15,0
2842,21,0
2843,27,0
2844,40,0
2845,61,0
2846,118,0
2847,36,0
2848,19,0
2849,12,0
2850,8,0
2851,108,0
2852,32,0
2853,144,1
2854,70,0
2855,22,0
2856,20,0
2857,71,0
2858,27,0
2859,31,0
2860,14,0
2861,101,0
2862,22,0
2863,65,0
2864,106,0
2865,35,0
2866,28,0
2867,37,0
2868,54,0
2869,200,0
2870,71,0
2871,123,0
2872,44,0
2873,21,0
2874,107,0
2875,198,0
2876,14,0
2877,14,0
2878,35,0
2879,111,0
2880,28,0
2881,28,0
2882,91,0
2883,167,0
2884,17,0
2885,17,0
2886,20,0
2887,25,0
2888,25,0
2889,42,0
2890,39,0
2891,114,0
2892,35,0
2893,51,0
2894,108,0
2895,35,0
2896,23,0
2897,134,0
2898,34,0
2899,101,0
2900,29,0
2901,61,0
2902,200,0
2903,69,0
2904,108,0
2905,49,0
2906,31,0
2907,34,0
2908,79,0
2909,55,0
2910,12,0
2911,182,0
2912,95,0
2913,43,0
2914,23,0
2915,64,1
2916,10,0
2917,28,0
2918,65,0
2919,23,0
2920,67,0
2921,28,0
2922,72,0
2923,136,0
2924,126,0
2925,14,0
2926,28,0
2927,53,0
2928,7,0
2929,13,0
2930,15,0
2931,82,0
2932,141,0
2933,38,0
2934,31,0
2935,33,0
2936,96,0
2937,103,0
2938,200,0
2939,47,0
2940,28,0
2941,13,0
2942,117,0
2943,12,0
2944,61,0
2945,46,0
2946,33,0
2947,81,0
2948,37,0
2949,49,0
2950,38,0
2951,40,0
2952,156,0
2953,146,0
2954,116,0
2955,41,0
2956,200,0
2957,7,0
2958,200,0
2959,103,0
2960,37,0
2961,13,0
2962,154,0
2963,20,0
2964,49,0
2965,22,0
2966,18,0
2967,75,1
2968,13,0
2969,45,0
2970,19,0
2971,90,0
2972,200,0
2973,90,0
2974,64,0
2975,52,0
2976,31,0
2977,43,0
2978,135,0
2979,22,0
2980,12,0
2981,79,0
2982,85,0
2983,69,0
2984,43,0
2985,30,0
2986,43,0
2987,61,0
2988,145,1
2989,69,0
2990,52,0
2991,17,0
2992,43,0
2993,33,0
2994,47,0
2995,46,0
2996,26,0
2997,60,0
2998,80,0
2999,12,0
3000,7,0
3001,48,0
3002,15,0
3003,17,0
3004,25,0
3005,14,0
3006,64,0
3007,105,0
3008,61,0
3009,90,0
3010,55,0
3011,57,0
3012,68,1
3013,17,0
3014,32,0
3015,141,1
3016,167,0
3017,66,0
3018,45,0
3019,53,0
3020,84,1
3021,44,0
3022,62,0
3023,15,0
3024,37,0
3025,28,0
3026,183,0
3027,200,0
3028,41,0
3029,60,0
3030,30,0
3031,107,0
3032,87,0
3033,39,0
3034,74,0
3035,57,0
3036,51,0
3037,89,0
3038,71,0
3039,29,0
3040,13,0
3041,38,0
3042,38,0
3043,9,0
3044,56,0
3045,67,0
3046,20,0
3047,94,0
3048,109,0
3049,18,0
3050,17,0
3051,20,0
3052,26,0
3053,200,0
3054,80,0
3055,12,0
3056,20,1
3057,90,0
3058,143,0
3059,17,0
3060,30,0
3061,19,0
3062,19,0
3063,38,0
3064,30,0
3065,30,0
3066,12,0
3067,9,0
3068,82,0
3069,32,0
3070,12,0
3071,76,0
3072,54,0
3073,19,0
3074,91,0
3075,73,0
3076,71,0
3077,41,0
3078,106,0
3079,61,0
3080,9,0
3081,31,0
3082,74,0
3083,185,0
3084,10,0
3085,14,0
3086,108,0
3087,103,0
3088,26,0
3089,72,0
3090,29,0
3091,200,0
3092,149,0
3093,86,0
3094,63,0
3095,21,0
3096,22,0
3097,21,0
3098,24,0
3099,31,0
3100,15,0
3101,21,0
3102,59,0
3103,32,0
3104,200,0
3105,52,0
3106,28,0
3107,43,0
3108,20,0
3109,49,0
3110,77,0
3111,26,0
3112,44,0
3113,153,0
3114,120,0
3115,13,0
3116,196,0
3117,80,0
3118,155,0
3119,60,0
3120,33,0
3121,26,0
3122,51,0
3123,88,0
3124,36,0
3125,43,0
3126,150,0
3127,200,0
3128,11,0
3129,167,0
3130,73,0
3131,24,0
3132,22,0
3133,53,0
3134,30,0
3135,118,0
3136,132,0
3137,23,0
3138,82,0
3139,26,0
3140,147,1
3141,11,0
3142,200,0
3143,32,0
3144,51,0
3145,43,0
3146,57,0
3147,24,0
3148,81,0
3149,155,0
3150,59,0
3151,177,0
3152,67,0
3153,72,0
3154,152,0
3155,128,0
3156,70,0
3157,40,0
3158,31,0
3159,64,0
3160,35,0
3161,56,0
3162,134,0
3163,86,0
3164,50,0
3165,18,0
3166,45,0
3167,53,1
3168,17,0
3169,63,0
3170,28,0
3171,69,0
3172,52,0
3173,30,0
3174,70,1
3175,18,0
3176,15,0
3177,9,0
3178,87,0
3179,35,0
3180,30,0
3181,26,0
3182,16,0
3183,78,0
3184,84,0
3185,45,0
3186,25,0
3187,29,0
3188,76,0
3189,47,0
3190,138,0
3191,101,0
3192,21,0
3193,81,0
3194,27,0
3195,9,0
3196,22,0
3197,12,0
3198,56,0
3199,44,0
3200,161,0
3201,19,0
3202,37,0
3203,14,0
3204,74,0
3205,121,0
3206,15,0
3207,96,0
3208,35,0
3209,75,0
3210,32,0
3211,101,0
3212,30,0
3213,60,0
3214,89,0
3215,52,0
3216,11,0
3217,57,0
3218,119,0
3219,47,0
3220,36,0
3221,23,0
3222,98,0
3223,25,0
3224,18,0
3225,19,0
3226,20,0
3227,57,0
3228,106,0
3229,28,0
3230,87,0
3231,104,0
3232,30,0
3233,47,0
3234,41,0
3235,37,0
3236,98,0
3237,13,0
3238,67,0
3239,42,0
3240,36,0
3241,123,0
3242,24,0
3243,104,0
3244,12,0
3245,23,0
3246,43,0
3247,41,0
3248,122,0
3249,58,0
3250,32,0
3251,87,0
3252,32,0
3253,62,0
3254,22,0
3255,25,0
3256,45,0
3257,32,0
3258,14,0
3259,89,0
3260,23,0
3261,139,0
3262,57,0
3263,12,0
3264,17,0
3265,47,0
3266,33,0
3267,37,0
3268,127,0
3269,108,0
3270,28,0
3271,7,0
3272,39,0
3273,141,0
3274,10,0
3275,7,0
3276,200,0
3277,17,0
3278,77,0
3279,22,0
3280,113,0
3281,106,0
3282,12,0
3283,101,0
3284,151,0
3285,32,0
3286,93,0
3287,200,0
3288,66,0
3289,40,0
3290,191,0
3291,98,0
3292,26,0
3293,18,0
3294,16,0
3295,104,0
3296,126,0
3297,39,0
3298,90,1
3299,56,0
3300,161,0
3301,21,0
3302,77,0
3303,42,0
3304,194,0
3305,10,0
3306,50,0
3307,100,0
3308,162,0
3309,13,0
3310,28,0
3311,38,0
3312,87,0
3313,76,0
3314,25,0
3315,97,0
3316,90,0
3317,155,0
3318,52,0
3319,7,0
3320,131,0
3321,71,0
3322,200,0
3323,22,0
3324,63,0
3325,60,0
3326,200,0
3327,63,0
3328,56,0
3329,200,0
3330,11,0
3331,90,0
3332,57,0
3333,109,0
3334,47,0
3335,67,0
3336,106,0
3337,55,0
3338,15,0
3339,76,0
3340,64,0
3341,15,0
3342,63,0
3343,39,0
3344,19,0
3345,18,0
3346,104,0
3347,22,0
3348,122,0
3349,157,0
3350,103,0
3351,26,0
3352,21,0
3353,18,0
3354,15,0
3355,12,0
3356,37,0
3357,31,0
3358,87,0
3359,82,0
3360,57,0
3361,44,0
3362,111,0
3363,43,0
3364,31,0
3365,183,0
3366,40,0
3367,23,0
3368,25,0
3369,12,0
3370,17,0
3371,200,0
3372,44,0
3373,176,0
3374,71,0
3375,93,0
3376,27,0
3377,89,0
3378,121,0
3379,46,0
3380,200,0
3381,11,0
3382,82,0
3383,99,0
3384,39,0
3385,19,0
3386,25,0
3387,48,0
3388,17,0
3389,71,0
3390,99,0
3391,200,0
3392,38,0
3393,18,0
3394,15,0
3395,168,0
3396,23,0
3397,17,0
3398,16,0
3399,27,0
3400,31,0
3401,92,0
3402,65,0
3403,89,0
3404,68,0
3405,159,0
3406,61,0
3407,31,0
3408,77,0
3409,67,0
3410,11,0
3411,42,0
3412,37,0
3413,106,0
3414,74,0
3415,13,0
3416,137,0
3417,52,0
3418,18,0
3419,63,0
3420,28,0
3421,73,0
3422,72,0
3423,18,0
3424,8,0
3425,174,0
3426,18,0
3427,11,0
3428,200,0
3429,69,0
3430,20,0
3431,13,0
3432,93,0
3433,200,0
3434,37,0
3435,12,0
3436,112,0
3437,47,0
3438,14,0
3439,82,0
3440,39,0
3441,21,0
3442,20,0
3443,15,0
3444,79,0
3445,52,0
3446,17,0
3447,200,0
3448,10,0
3449,18,0
3450,53,0
3451,55,0
3452,48,0
3453,22,0
3454,84,0
3455,147,0
3456,53,0
3457,50,0
3458,73,0
3459,18,0
3460,19,0
3461,60,0
3462,26,0
3463,131,0
3464,9,0
3465,63,0
3466,45,0
3467,46,0
3468,117,0
3469,72,0
3470,33,0
3471,93,0
3472,25,0
3473,15,0
3474,121,0
3475,62,0
3476,20,0
3477,131,0
3478,66,0
3479,77,0
3480,22,0
3481,101,0
3482,39,0
3483,34,0
3484,181,0
3485,30,0
3486,105,0
3487,39,0
3488,19,0
3489,100,0
3490,21,0
3491,84,0
3492,21,0
3493,14,0
3494,42,0
3495,93,0
3496,200,0
3497,36,0
3498,76,0
3499,67,0
3500,11,0
3501,52,0
3502,91,0
3503,174,0
3504,34,0
3505,83,0
3506,21,0
3507,9,0
3508,138,1
3509,69,0
3510,19,0
3511,20,0
3512,13,0
3513,45,0
3514,107,0
3515,200,0
3516,157,0
3517,48,0
3518,26,0
3519,39,0
3520,9,0
3521,61,0
3522,18,0
3523,151,0
3524,145,0
3525,62,1
3526,13,0
3527,19,0
3528,32,0
3529,9,0
3530,54,0
3531,34,0
3532,80,0
3533,77,0
3534,200,0
3535,22,0
3536,78,0
3537,191,0
3538,200,0
3539,31,0
3540,46,0
3541,35,0
3542,16,0
3543,111,0
3544,14,0
3545,100,0
3546,51,0
3547,38,0
3548,43,0
3549,80,0
3550,8,0
3551,13,0
3552,54,1
3553,41,0
3554,51,0
3555,53,0
3556,63,0
3557,99,0
3558,200,0
3559,97,0
3560,12,0
3561,69,0
3562,41,0
3563,160,0
3564,12,0
3565,14,0
3566,49,1
3567,31,0
3568,29,0
3569,17,0
3570,13,0
3571,85,0
3572,200,0
3573,109,0
3574,62,0
3575,72,0
3576,28,0
3577,20,0
3578,52,0
3579,63,0
3580,34,0
3581,24,0
3582,24,0
3583,143,0
3584,19,0
3585,113,0
3586,30,0
3587,31,0
3588,19,0
3589,41,0
3590,49,0
3591,49,0
3592,13,0
3593,88,1
3594,26,0
3595,54,0
3596,20,0
3597,14,0
3598,17,0
3599,22,0
3600,23,0
3601,113,0
3602,20,0
3603,91,0
3604,91,0
3605,114,0
3606,19,0
3607,47,0
3608,139,0
3609,18,0
3610,43,0
3611,59,0
3612,66,0
3613,174,0
3614,115,0
3615,48,0
3616,78,0
3617,19,0
3618,200,0
3619,20,0
3620,48,0
3621,200,0
3622,100,0
3623,29,0
3624,32,0
3625,38,0
3626,10,0
3627,15,0
3628,55,0
3629,52,0
3630,57,0
3631,200,0
3632,28,0
3633,82,0
3634,20,0
3635,75,0
3636,74,0
3637,95,0
3638,63,1
3639,39,0
3640,176,0
3641,200,0
3642,62,0
3643,95,0
3644,96,0
3645,19,0
3646,52,0
3647,58,0
3648,39,0
3649,40,0
3650,19,0
3651,78,0
3652,46,1
3653,12,0
3654,106,0
3655,94,1
3656,79,0
3657,28,0
3658,33,0
3659,11,0
3660,58,0
3661,56,0
3662,111,0
3663,19,0
3664,74,0
3665,13,0
3666,25,0
3667,192,0
3668,36,0
3669,64,0
3670,55,0
3671,73,0
3672,27,0
3673,13,0
3674,102,0
3675,172,0
3676,39,0
3677,171,0
3678,28,0
3679,31,0
3680,175,0
3681,139,0
3682,47,0
3683,98,0
3684,15,0
3685,24,0
3686,83,0
3687,16,0
3688,36,0
3689,9,0
3690,54,0
3691,17,0
3692,97,0
3693,121,0
3694,148,0
3695,45,0
3696,20,0
3697,105,0
3698,65,0
3699,105,0
3700,85,0
3701,25,0
3702,189,0
3703,144,1
3704,52,0
3705,92,0
3706,18,0
3707,200,0
3708,166,0
3709,13,0
3710,64,0
3711,152,0
3712,119,0
3713,177,0
3714,51,0
3715,30,0
3716,22,0
3717,116,0
3718,25,0
3719,99,0
3720,152,1
3721,92,0
3722,20,0
3723,25,0
3724,60,0
3725,130,0
3726,51,0
3727,40,0
3728,48,0
3729,38,0
3730,182,0
3731,113,0
3732,38,0
3733,197,0
3734,25,0
3735,69,0
3736,50,0
3737,36,0
3738,67,0
3739,152,0
3740,56,0
3741,65,0
3742,10,0
3743,15,0
3744,114,0
3745,13,0
3746,82,0
3747,35,0
3748,40,0
3749,57,0
3750,11,0
3751,24,0
3752,22,0
3753,66,0
3754,85,0
3755,200,0
3756,9,0
3757,64,0
3758,9,0
3759,26,0
3760,9,0
3761,144,0
3762,66,0
3763,48,0
3764,87,0
3765,150,0
3766,117,0
3767,52,0
3768,133,0
3769,77,0
3770,103,1
3771,33,0
3772,68,0
3773,60,0
3774,9,0
3775,27,0
3776,35,0
3777,91,1
3778,31,0
3779,200,0
3780,74,0
3781,10,0
3782,47,0
3783,42,0
3784,35,0
3785,78,0
3786,17,0
3787,189,0
3788,14,0
3789,108,0
3790,25,0
3791,57,0
3792,24,0
3793,7,0
3794,24,0
3795,54,0
3796,19,0
3797,63,0
3798,17,0
3799,62,0
3800,57,0
3801,85,0
3802,16,0
3803,44,0
3804,16,0
3805,15,0
3806,16,0
3807,89,0
3808,30,0
3809,124,0
3810,49,0
3811,51,0
3812,14,0
3813,15,0
3814,51,0
3815,29,0
3816,45,0
3817,19,0
3818,64,0
3819,200,0
3820,72,0
3821,65,1
3822,23,0
3823,135,0
3824,158,0
3825,43,0
3826,48,0
3827,21,0
3828,14,0
3829,11,0
3830,43,0
3831,45,0
3832,16,0
3833,20,0
3834,25,0
3835,24,0
3836,16,0
3837,13,0
3838,166,0
3839,155,0
3840,20,0
3841,85,0
3842,28,0
3843,43,0
3844,34,0
3845,72,0
3846,36,0
3847,17,0
3848,72,0
3849,21,0
3850,28,0
3851,13,0
3852,200,0
3853,57,0
3854,25,0
3855,85,0
3856,134,0
3857,44,0
3858,13,0
3859,15,0
3860,32,0
3861,80,0
3862,46,0
3863,27,0
3864,64,0
3865,22,0
3866,27,0
3867,40,0
3868,58,0
3869,19,0
3870,71,0
3871,30,0
3872,14,0
3873,39,0
3874,153,0
3875,33,0
3876,73,0
3877,17,0
3878,69,0
3879,24,0
3880,74,0
3881,16,0
3882,20,0
3883,90,1
3884,200,0
3885,78,0
3886,63,0
3887,61,0
3888,56,0
3889,71,0
3890,63,0
3891,11,0
3892,15,0
3893,10,0
3894,51,0
3895,79,0
3896,52,0
3897,9,0
3898,60,0
3899,80,0
3900,113,0
3901,10,0
3902,30,0
3903,94,0
3904,160,0
3905,39,0
3906,48,0
3907,44,0
3908,69,0
3909,104,0
3910,200,0
3911,56,0
3912,123,0
3913,37,0
3914,200,0
3915,38,0
3916,12,0
3917,200,0
3918,200,0
3919,38,0
3920,69,0
3921,56,0
3922,96,0
3923,46,0
3924,61,0
3925,32,0
3926,108,0
3927,28,0
3928,50,0
3929,35,0
3930,197,0
3931,17,0
3932,132,0
3933,181,0
3934,82,0
3935,148,0
3936,67,0
3937,114,0
3938,134,0
3939,51,1
3940,78,0
3941,88,0
3942,91,0
3943,35,0
3944,74,0
3945,78,0
3946,71,0
3947,61,0
3948,25,0
3949,160,0
3950,117,0
3951,55,0
3952,7,0
3953,149,0
3954,49,0
3955,74,0
3956,18,0
3957,75,0
3958,54,0
3959,56,0
3960,29,0
3961,69,0
3962,162,0
3963,148,0
3964,70,0
3965,200,0
3966,109,0
3967,9,0
3968,57,0
3969,9,0
3970,29,0
3971,200,0
3972,45,0
3973,113,0
3974,101,0
3975,14,0
3976,81,0
3977,36,0
3978,115,0
3979,55,0
3980,29,0
3981,23,0
3982,31,0
3983,22,0
3984,58,0
3985,91,0
3986,17,0
3987,28,0
3988,156,0
3989,152,0
3990,20,0
3991,21,0
3992,200,0
3993,122,0
3994,73,0
3995,161,0
3996,29,0
3997,138,0
3998,135,0
3999,200,0
4000,17,0
4001,70,0
4002,41,0
4003,74,0
4004,200,0
4005,13,0
4006,41,0
4007,16,0
4008,83,0
4009,25,0
4010,58,0
4011,31,0
4012,7,0
4013,50,0
4014,53,0
4015,72,0
4016,52,0
4017,145,0
4018,34,0
4019,23,0
4020,25,0
4021,48,0
4022,174,0
4023,25,0
4024,17,0
4025,67,0
4026,29,0
4027,68,0
4028,22,0
4029,29,0
4030,46,0
4031,98,0
4032,52,0
4033,44,0
4034,42,0
4035,118,0
4036,16,0
4037,10,0
4038,23,0
4039,82,0
4040,200,0
4041,116,0
4042,200,0
4043,15,0
4044,21,0
4045,60,0
4046,32,0
4047,59,0
4048,40,0
4049,39,0
4050,9,0
4051,15,0
4052,14,0
4053,145,0
4054,129,0
4055,72,0
4056,51,0
4057,30,0
4058,23,0
4059,54,0
4060,27,0
4061,101,0
4062,35,0
4063,67,0
4064,43,0
4065,39,0
4066,170,0
4067,30,0
4068,37,0
4069,107,0
4070,86,0
4071,22,0
4072,68,0
4073,104,0
4074,109,0
4075,17,0
4076,140,0
4077,23,0
4078,94,0
4079,188,0
4080,21,0
4081,25,0
4082,22,0
4083,71,0
4084,26,0
4085,23,0
4086,151,0
4087,86,0
4088,75,0
4089,113,0
4090,42,0
4091,20,0
4092,181,0
4093,25,0
4094,56,0
4095,23,0
4096,135,0
4097,79,0
4098,120,0
4099,151,0
4100,152,0
4101,48,0
4102,37,0
4103,16,0
4104,124,0
4105,12,0
4106,98,0
4107,87,0
4108,115,0
4109,142,0
4110,62,0
4111,71,0
4112,87,0
4113,33,0
4114,14,0
4115,27,0
4116,13,0
4117,27,0
4118,31,0
4119,46,0
4120,40,0
4121,113,0
4122,24,0
4123,11,0
4124,51,0
4125,54,0
4126,84,0
4127,85,0
4128,21,0
4129,74,0
4130,70,0
4131,15,0
4132,43,0
4133,140,0
4134,30,0
4135,135,0
4136,15,0
4137,32,0
4138,47,0
4139,17,0
4140,160,0
4141,58,0
4142,22,0
4143,22,0
4144,18,0
4145,52,0
4146,127,0
4147,72,0
4148,95,0
4149,29,0
4150,15,0
4151,31,0
4152,79,0
4153,21,0
4154,61,0
4155,35,0
4156,46,0
4157,80,0
4158,81,0
4159,45,0
4160,10,0
4161,35,1
4162,47,0
4163,40,0
4164,9,0
4165,91,0
4166,17,0
4167,19,0
4168,22,0
4169,14,0
4170,28,0
4171,11,0
4172,96,0
4173,31,0
4174,62,0
4175,200,0
4176,80,0
4177,71,0
4178,137,0
4179,40,0
4180,112,0
4181,108,1
4182,118,0
4183,76,0
4184,120,0
4185,8,0
4186,54,0
4187,44,0
4188,59,0
4189,28,0
4190,29,0
4191,64,0
4192,27,0
4193,78,0
4194,26,0
4195,125,0
4196,68,0
4197,112,0
4198,17,0
4199,67,0
4200,18,0
4201,9,0
4202,78,0
4203,28,0
4204,66,0
4205,54,0
4206,46,0
4207,19,0
4208,33,0
4209,34,0
4210,51,0
4211,152,0
4212,22,0
4213,22,0
4214,31,0
4215,47,0
4216,200,0
4217,42,0
4218,29,0
4219,33,0
4220,200,0
4221,63,0
4222,100,0
4223,21,0
4224,153,0
4225,61,0
4226,21,0
4227,101,0
4228,60,0
4229,79,0
4230,64,0
4231,97,0
4232,27,0
4233,23,0
4234,176,0
4235,58,0
4236,49,0
4237,16,0
4238,86,0
4239,111,0
4240,111,0
4241,75,0
4242,27,0
4243,83,0
4244,67,0
4245,33,0
4246,53,0
4247,11,0
4248,41,0
4249,77,1
4250,153,0
4251,111,0
4252,42,0
4253,60,0
4254,45,0
4255,91,0
4256,22,0
4257,17,0
4258,76,0
4259,14,0
4260,136,0
4261,17,0
4262,39,0
4263,96,0
4264,115,0
4265,18,0
4266,29,0
4267,94,0
4268,145,0
4269,20,0
4270,16,0
4271,52,0
4272,46,0
4273,71,0
4274,10,0
4275,135,0
4276,35,0
4277,18,0
4278,22,0
4279,42,0
4280,160,0
4281,56,0
4282,8,0
4283,23,0
4284,25,0
4285,27,0
4286,8,0
4287,66,0
4288,49,0
4289,36,0
4290,17,0
4291,39,0
4292,39,0
4293,59,0
4294,10,0
4295,88,0
4296,18,0
4297,31,0
4298,188,0
4299,30,0
4300,63,0
4301,35,0
4302,18,0
4303,200,0
4304,70,0
4305,42,0
4306,43,0
4307,23,0
4308,100,0
4309,23,0
4310,12,0
4311,37,0
4312,47,0
4313,92,0
4314,28,0
4315,70,0
4316,108,0
4317,17,0
4318,23,0
4319,9,0
4320,94,0
4321,51,0
4322,20,0
4323,147,0
4324,163,0
4325,66,0
4326,135,0
4327,57,0
4328,171,0
4329,19,0
4330,200,0
4331,55,0
4332,60,0
4333,67,0
4334,12,0
4335,36,0
4336,43,0
4337,45,0
4338,80,0
4339,16,0
4340,38,0
4341,118,0
4342,26,0
4343,112,0
4344,106,0
4345,24,0
4346,148,0
4347,35,0
4348,97,0
4349,80,0
4350,49,0
4351,29,0
4352,7,0
4353,33,0
4354,69,0
4355,46,0
4356,68,0
4357,64,0
4358,44,0
4359,31,0
4360,49,0
4361,11,0
4362,131,0
4363,15,0
4364,67,0
4365,14,0
4366,168,0
4367,14,0
4368,7,0
4369,43,0
4370,100,0
4371,45,0
4372,111,0
4373,25,0
4374,61,0
4375,62,0
4376,36,0
4377,140,0
4378,109,0
4379,28,0
4380,69,0
4381,138,0
4382,144,0
4383,27,0
4384,54,0
4385,47,0
4386,52,0
4387,29,0
4388,141,0
4389,67,0
4390,34,0
4391,91,0
4392,122,0
4393,20,0
4394,55,0
4395,200,0
4396,37,0
4397,34,0
4398,43,0
4399,14,0
4400,97,0
4401,62,0
4402,62,0
4403,43,0
4404,73,0
4405,19,0
4406,10,0
4407,138,0
4408,37,0
4409,41,0
4410,53,0
4411,27,0
4412,10,0
4413,68,0
4414,19,0
4415,19,0
4416,22,0
4417,40,0
4418,85,0
4419,110,0
4420,23,0
4421,79,0
4422,15,0
4423,35,0
4424,91,0
4425,96,0
4426,169,0
4427,143,0
4428,25,0
4429,168,0
4430,15,0
4431,32,0
4432,63,0
4433,14,0
4434,112,0
4435,80,0
4436,33,0
4437,12,0
4438,66,0
4439,84,0
4440,37,0
4441,200,0
4442,24,0
4443,37,0
4444,173,0
4445,87,0
4446,37,0
4447,87,0
4448,11,0
4449,41,0
4450,23,0
4451,11,0
4452,45,0
4453,102,0
4454,97,0
4455,42,0
4456,13,0
4457,33,0
4458,29,0
4459,16,0
4460,112,0
4461,42,1
4462,56,0
4463,9,0
4464,200,0
4465,67,0
4466,67,0
4467,52,0
4468,157,0
4469,200,0
4470,10,0
4471,151,0
4472,19,0
4473,151,0
4474,61,0
4475,10,0
4476,21,0
4477,17,0
4478,43,0
4479,69,0
4480,28,0
4481,148,0
4482,13,0
4483,55,0
4484,38,0
4485,158,1
4486,98,0
4487,200,0
4488,143,0
4489,13,0
4490,128,0
4491,200,0
4492,52,0
4493,53,0
4494,38,0
4495,73,0
4496,55,0
4497,73,1
4498,34,0
4499,46,0
4500,14,0
4501,193,0
4502,18,0
4503,141,0
4504,137,0
4505,128,0
4506,27,0
4507,30,0
4508,16,0
4509,100,0
4510,17,0
4511,31,0
4512,30,0
4513,11,0
4514,16,0
4515,95,0
4516,73,0
4517,13,0
4518,32,0
4519,17,0
4520,23,0
4521,27,0
4522,27,0
4523,23,0
4524,30,0
4525,25,0
4526,200,0
4527,200,0
4528,75,0
4529,40,0
4530,82,0
4531,20,0
4532,31,0
4533,79,0
4534,75,0
4535,73,0
4536,119,0
4537,13,0
4538,96,1
4539,92,0
4540,37,0
4541,91,0
4542,28,0
4543,196,0
4544,11,0
4545,10,0
4546,43,0
4547,12,0
4548,27,0
4549,94,0
4550,145,0
4551,30,0
4552,12,0
4553,15,0
4554,102,0
4555,42,0
4556,100,0
4557,15,0
4558,68,0
4559,200,0
4560,39,0
4561,73,0
4562,71,0
4563,15,0
4564,123,0
4565,25,0
4566,90,0
4567,49,0
4568,14,0
4569,198,0
4570,39,0
4571,15,0
4572,22,0
4573,146,0
4574,21,0
4575,14,0
4576,13,0
4577,8,0
4578,18,0
4579,46,0
4580,87,1
4581,36,0
4582,91,0
4583,175,0
4584,200,0
4585,55,0
4586,163,0
4587,93,0
4588,58,0
4589,81,0
4590,44,0
4591,17,0
4592,79,0
4593,12,0
4594,9,0
4595,40,0
4596,16,0
4597,21,0
4598,200,0
4599,98,0
4600,172,0
4601,40,0
4602,24,0
4603,81,0
4604,84,0
4605,138,0
4606,18,0
4607,19,0
4608,132,0
4609,91,0
4610,127,0
4611,9,0
4612,23,0
4613,30,0
4614,63,1
4615,71,0
4616,85,0
4617,144,0
4618,135,0
4619,70,0
4620,12,0
4621,25,0
4622,10,0
4623,87,0
4624,166,0
4625,66,0
4626,11,0
4627,74,0
4628,12,0
4629,20,0
4630,59,0
4631,85,0
4632,11,0
4633,116,0
4634,200,0
4635,104,0
4636,46,0
4637,18,0
4638,47,0
4639,13,0
4640,84,0
4641,59,0
4642,17,0
4643,20,0
4644,148,0
4645,13,0
4646,46,0
4647,30,0
4648,92,0
4649,28,0
4650,26,0
4651,72,0
4652,22,0
4653,113,0
4654,119,0
4655,43,0
4656,68,0
4657,173,0
4658,35,0
4659,27,0
4660,86,0
4661,121,0
4662,10,0
4663,91,0
4664,200,0
4665,101,0
4666,187,0
4667,200,0
4668,15,0
4669,74,1
4670,120,0
4671,27,0
4672,200,0
4673,14,0
4674,16,0
4675,115,0
4676,102,0
4677,80,0
4678,27,0
4679,16,0
4680,16,0
4681,67,0
4682,140,0
4683,46,0
4684,18,0
4685,11,0
4686,180,0
4687,113,0
4688,25,0
4689,119,0
4690,85,0
4691,19,0
4692,123,0
4693,59,0
4694,13,0
4695,139,0
4696,16,0
4697,78,0
4698,200,0
4699,88,0
4700,18,0
4701,77,0
4702,33,0
4703,69,0
4704,131,0
4705,114,0
4706,30,0
4707,56,0
4708,42,0
4709,68,0
4710,15,0
4711,32,0
4712,30,0
4713,44,0
4714,181,0
4715,29,0
4716,123,0
4717,40,0
4718,57,0
4719,75,0
4720,46,0
4721,23,0
4722,173,0
4723,55,0
4724,150,0
4725,88,1
4726,65,0
4727,195,0
4728,73,0
4729,200,0
4730,58,0
4731,164,0
4732,192,0
4733,80,0
4734,32,0
4735,99,0
4736,51,0
4737,11,0
4738,8,0
4739,58,0
4740,18,0
4741,90,0
4742,12,0
4743,33,0
4744,22,0
4745,29,0
4746,65,0
4747,57,0
4748,33,0
4749,36,0
4750,29,0
4751,92,0
4752,12,0
4753,26,0
4754,11,0
4755,47,0
4756,54,0
4757,13,0
4758,56,0
4759,16,0
4760,27,0
4761,39,0
4762,112,0
4763,105,0
4764,129,0
4765,25,0
4766,70,0
4767,200,0
4768,43,0
4769,32,0
4770,39,0
4771,27,0
4772,23,0
4773,16,0
4774,68,0
4775,21,0
4776,84,0
4777,200,0
4778,16,0
4779,62,0
4780,114,0
4781,67,0
4782,56,0
4783,30,0
4784,59,0
4785,30,0
4786,40,0
4787,50,0
4788,16,0
4789,19,0
4790,200,0
4791,66,0
4792,25,0
4793,33,0
4794,38,0
4795,47,0
4796,105,0
4797,16,0
4798,29,0
4799,26,0
4800,61,0
4801,27,0
4802,52,0
4803,48,0
4804,32,1
4805,23,0
4806,46,0
4807,81,0
4808,116,0
4809,102,0
4810,56,0
4811,68,0
4812,12,0
4813,141,0
4814,18,0
4815,17,0
4816,24,0
4817,172,0
4818,11,0
4819,134,1
4820,200,0
4821,75,0
4822,78,0
4823,44,0
4824,156,0
4825,35,0
4826,61,0
4827,21,0
4828,110,0
4829,16,0
4830,71,0
4831,151,0
4832,49,0
4833,13,0
4834,24,0
4835,87,1
4836,57,0
4837,20,0
4838,39,0
4839,137,0
4840,121,0
4841,56,0
4842,39,0
4843,136,0
4844,25,0
4845,20,0
4846,172,0
4847,7,0
4848,79,0
4849,45,0
4850,44,0
4851,11,0
4852,30,0
4853,25,0
4854,23,0
4855,84,0
4856,26,0
4857,66,0
4858,27,0
4859,80,0
4860,40,0
4861,99,0
4862,17,0
4863,119,0
4864,65,0
4865,14,0
4866,32,0
4867,63,0
4868,55,0
4869,20,0
4870,28,0
4871,28,0
4872,17,0
4873,84,0
4874,132,0
4875,20,0
4876,13,0
4877,30,0
4878,12,0
4879,67,0
4880,21,0
4881,75,0
4882,139,0
4883,117,0
4884,40,0
4885,25,0
4886,15,0
4887,156,0
4888,15,0
4889,14,0
4890,23,0
4891,38,0
4892,76,0
4893,74,0
4894,46,0
4895,37,0
4896,17,0
4897,18,0
4898,143,0
4899,61,0
4900,11,0
4901,109,0
4902,35,0
4903,163,0
4904,48,0
4905,43,0
4906,64,0
4907,10,0
4908,105,0
4909,45,0
4910,11,0
4911,59,0
4912,9,0
4913,54,0
4914,186,0
4915,16,0
4916,53,0
4917,91,0
4918,81,0
4919,40,0
4920,14,0
4921,17,0
4922,33,0
4923,22,0
4924,107,0
4925,185,0
4926,39,0
4927,119,0
4928,40,0
4929,17,0
4930,66,0
4931,117,0
4932,50,0
4933,48,0
4934,45,0
4935,45,0
4936,9,0
4937,27,0
4938,9,0
4939,200,0
4940,42,0
4941,167,0
4942,97,0
4943,22,0
4944,74,0
4945,130,0
4946,129,0
4947,63,0
4948,9,0
4949,76,0
4950,34,0
4951,69,0
4952,39,0
4953,14,0
4954,87,0
4955,24,0
4956,33,0
4957,13,0
4958,12,0
4959,22,0
4960,43,1
4961,75,0
4962,121,0
4963,145,0
4964,16,0
4965,14,0
4966,130,0
4967,26,0
4968,164,0
4969,91,0
4970,47,0
4971,33,0
4972,12,0
4973,66,0
4974,93,0
4975,84,1
4976,38,0
4977,19,0
4978,155,0
4979,167,0
4980,64,1
4981,25,0
4982,24,0
4983,71,0
4984,42,0
4985,188,0
4986,34,0
4987,74,0
4988,40,0
4989,67,0
4990,27,0
4991,200,0
4992,200,0
4993,13,0
4994,12,0
4995,21,0
4996,32,0
4997,120,0
4998,27,0
4999,14,0
5000,11,0
5001,16,0
5002,28,0
5003,93,0
5004,21,0
5005,11,0
5006,80,0
5007,14,0
5008,19,0
5009,152,1
5010,26,0
5011,39,0
5012,58,0
5013,77,0
5014,22,0
5015,24,0
5016,200,0
5017,68,0
5018,8,0
5019,152,0
5020,49,0
5021,71,0
5022,127,1
5023,89,0
5024,75,0
5025,27,0
5026,102,0
5027,200,0
5028,87,0
5029,36,0
5030,39,0
5031,114,0
5032,173,0
5033,82,0
5034,29,0
5035,18,0
5036,57,0
5037,13,0
5038,98,0
5039,19,0
5040,42,0
5041,46,0
5042,200,0
5043,31,0
5044,35,0
5045,70,0
5046,34,0
5047,33,0
5048,50,0
5049,113,0
5050,45,0
5051,94,0
5052,14,0
5053,90,0
5054,115,0
5055,38,0
5056,34,1
5057,18,0
5058,20,0
5059,57,0
5060,43,0
5061,119,0
5062,200,0
5063,119,0
5064,113,0
5065,14,0
5066,35,0
5067,173,0
5068,9,0
5069,46,0
5070,73,0
5071,182,0
5072,93,0
5073,64,0
5074,31,0
5075,180,0
5076,90,0
5077,8,0
5078,111,0
5079,16,0
5080,32,0
5081,59,0
5082,46,0
5083,34,0
5084,30,0
5085,76,1
5086,52,0
5087,17,0
5088,24,0
5089,48,0
5090,13,0
5091,38,0
5092,81,0
5093,43,0
5094,74,0
5095,71,0
5096,37,0
5097,73,0
5098,35,0
5099,85,0
5100,23,0
5101,119,1
5102,65,0
5103,21,0
5104,44,0
5105,83,0
5106,26,0
5107,22,0
5108,96,0
5109,27,0
5110,89,0
5111,23,0
5112,49,0
5113,8,0
5114,200,0
5115,25,0
5116,27,0
5117,72,0
5118,8,0
5119,109,0
5120,23,0
5121,200,0
5122,75,0
5123,24,0
5124,58,0
5125,32,0
5126,55,0
5127,59,0
5128,25,0
5129,34,0
5130,58,0
5131,21,0
5132,14,0
5133,156,0
5134,46,0
5135,18,0
5136,57,0
5137,38,0
5138,38,0
5139,43,1
5140,106,0
5141,63,0
5142,49,1
5143,159,0
5144,69,0
5145,84,0
5146,78,0
5147,109,0
5148,21,0
5149,8,0
5150,73,0
5151,87,0
5152,40,0
5153,93,0
5154,70,0
5155,42,0
5156,107,0
5157,111,0
5158,38,0
5159,11,0
5160,77,0
5161,200,0
5162,41,0
5163,19,0
5164,14,0
5165,60,0
5166,42,0
5167,63,0
5168,200,0
5169,143,0
5170,200,0
5171,55,0
5172,44,0
5173,11,0
5174,184,0
5175,23,0
5176,22,0
5177,44,0
5178,57,0
5179,51,0
5180,18,0
5181,80,0
5182,49,0
5183,51,0
5184,64,0
5185,89,0
5186,185,0
5187,156,0
5188,76,1
5189,18,0
5190,113,0
5191,116,0
5192,14,0
5193,22,0
5194,101,0
5195,200,0
5196,15,0
5197,30,0
5198,62,0
5199,34,0
5200,192,0
5201,46,0
5202,11,0
5203,37,0
5204,17,0
5205,22,0
5206,105,0
5207,72,0
5208,107,0
5209,108,0
5210,19,0
5211,131,0
5212,200,0
5213,116,0
5214,75,0
5215,28,0
5216,35,0
5217,110,0
5218,200,0
5219,24,0
5220,20,0
5221,32,0
5222,95,0
5223,15,0
5224,200,0
5225,117,0
5226,18,0
5227,63,0
5228,71,0
5229,11,0
5230,95,0
5231,81,0
5232,102,0
5233,42,0
5234,138,0
5235,39,0
5236,15,0
5237,13,0
5238,139,0
5239,14,0
5240,32,0
5241,48,0
5242,188,0
5243,44,0
5244,50,0
5245,115,0
5246,32,1
5247,54,0
5248,161,0
5249,57,0
5250,35,0
5251,66,0
5252,11,0
5253,15,0
5254,54,0
5255,22,0
5256,200,0
5257,25,0
5258,21,0
5259,142,0
5260,92,0
5261,117,1
5262,45,0
5263,58,0
5264,30,0
5265,33,1
5266,14,0
5267,30,0
5268,72,0
5269,132,0
5270,22,0
5271,15,0
5272,96,1
5273,130,0
5274,92,0
5275,21,0
5276,33,0
5277,21,0
5278,35,0
5279,77,0
5280,96,0
5281,16,0
5282,77,0
5283,27,0
5284,81,0
5285,41,0
5286,131,0
5287,77,0
5288,48,0
5289,61,0
5290,15,0
5291,56,0
5292,79,0
5293,46,0
5294,54,1
5295,63,0
5296,20,0
5297,146,0
5298,200,0
5299,14,0
5300,83,0
5301,27,0
5302,12,0
5303,23,1
5304,18,0
5305,14,0
5306,89,0
5307,39,0
5308,79,0
5309,40,0
5310,37,0
5311,98,0
5312,107,0
5313,19,0
5314,117,0
5315,128,0
5316,64,0
5317,20,0
5318,16,0
5319,17,0
5320,110,0
5321,93,0
5322,41,0
5323,53,0
5324,16,0
5325,58,0
5326,66,0
5327,42,0
5328,29,0
5329,7,0
5330,55,0
5331,7,0
5332,60,0
5333,113,0
5334,117,0
5335,153,0
5336,17,0
5337,43,0
5338,33,0
5339,45,0
5340,84,0
5341,19,0
5342,200,0
5343,66,0
5344,75,0
5345,53,0
5346,45,0
5347,26,0
5348,12,0
5349,28,0
5350,52,0
5351,13,0
5352,169,0
5353,91,0
5354,41,0
5355,19,0
5356,74,0
5357,48,0
5358,129,0
5359,185,0
5360,149,0
5361,17,0
5362,20,0
5363,19,0
5364,69,0
5365,200,0
5366,11,0
5367,68,0
5368,76,0
5369,13,0
5370,9,0
5371,24,0
5372,62,0
5373,15,0
5374,63,0
5375,200,0
5376,53,0
5377,31,0
5378,114,0
5379,13,0
5380,96,1
5381,200,0
5382,47,0
5383,43,0
5384,51,0
5385,50,0
5386,200,0
5387,35,0
5388,38,0
5389,83,1
5390,72,0
5391,11,0
5392,68,0
5393,28,0
5394,18,0
5395,65,0
5396,172,0
5397,86,0
5398,200,0
5399,146,0
5400,74,0
5401,46,0
5402,10,0
5403,92,0
5404,21,0
5405,31,0
5406,28,0
5407,22,0
5408,16,0
5409,60,0
5410,11,0
5411,33,0
5412,15,0
5413,51,0
5414,131,0
5415,34,0
5416,79,0
5417,8,0
5418,50,0
5419,31,0
5420,19,0
5421,28,0
5422,78,0
5423,9,0
5424,200,0
5425,17,0
5426,9,0
5427,164,0
5428,190,1
5429,23,0
5430,144,0
5431,17,0
5432,11,0
5433,81,0
5434,57,0
5435,48,0
5436,35,0
5437,42,0
5438,18,0
5439,52,0
5440,36,0
5441,23,0
5442,32,0
5443,21,0
5444,35,0
5445,29,0
5446,21,0
5447,13,0
5448,166,0
5449,17,0
5450,25,0
5451,200,0
5452,28,0
5453,156,0
5454,75,0
5455,14,0
5456,61,0
5457,77,0
5458,169,0
5459,46,0
5460,102,0
5461,101,0
5462,154,0
5463,43,0
5464,52,0
5465,60,0
5466,42,0
5467,38,0
5468,100,0
5469,12,0
5470,112,0
5471,55,0
5472,88,0
5473,96,0
5474,95,0
5475,40,0
5476,50,1
5477,177,0
5478,186,0
5479,91,0
5480,22,0
5481,63,0
5482,14,0
5483,25,0
5484,21,0
5485,90,0
5486,73,0
5487,39,0
5488,18,0
5489,22,0
5490,78,0
5491,12,0
5492,59,0
5493,11,0
5494,66,0
5495,42,0
5496,24,0
5497,48,0
5498,15,0
5499,111,0
5500,36,0
5501,19,0
5502,119,0
5503,136,0
5504,12,0
5505,126,0
5506,64,0
5507,200,0
5508,36,0
5509,70,0
5510,15,0
5511,24,0
5512,33,0
5513,35,0
5514,79,0
5515,76,0
5516,165,0
5517,49,0
5518,27,0
5519,22,0
5520,128,0
5521,30,0
5522,45,0
5523,99,0
5524,163,0
5525,87,0
5526,200,0
5527,100,0
5528,82,0
5529,193,0
5530,195,0
5531,145,0
5532,200,0
5533,60,0
5534,12,0
5535,54,0
5536,200,0
5537,50,0
5538,68,0
5539,161,0
5540,22,0
5541,112,0
5542,23,0
5543,192,0
5544,9,0
5545,23,0
5546,164,0
5547,26,0
5548,33,0
5549,193,0
5550,17,0
5551,40,0
5552,15,0
5553,21,0
5554,14,0
5555,68,0
5556,85,0
5557,185,1
5558,8,0
5559,51,0
5560,45,0
5561,113,0
5562,62,0
5563,43,0
5564,45,0
5565,39,0
5566,47,0
5567,100,0
5568,24,0
5569,142,0
5570,11,0
5571,126,0
5572,137,0
5573,108,0
5574,154,0
5575,32,0
5576,38,0
5577,24,0
5578,127,0
5579,112,0
5580,16,0
5581,25,0
5582,68,0
5583,129,0
5584,23,0
5585,32,0
5586,27,0
5587,126,0
5588,35,0
5589,36,0
5590,26,0
5591,14,0
5592,105,0
5593,72,0
5594,7,0
5595,11,0
5596,131,0
5597,94,0
5598,27,0
5599,176,0
5600,25,0
5601,81,0
5602,10,0
5603,76,0
5604,49,0
5605,131,0
5606,11,0
5607,33,0
5608,78,0
5609,137,0
5610,33,0
5611,48,0
5612,44,0
5613,67,0
5614,30,0
5615,30,0
5616,65,0
5617,184,0
5618,71,0
5619,59,0
5620,41,0
5621,34,0
5622,66,0
5623,48,0
5624,63,0
5625,69,0
5626,58,0
5627,30,0
5628,7,0
5629,46,0
5630,24,0
5631,97,0
5632,13,0
5633,200,0
5634,37,0
5635,14,0
5636,11,0
5637,132,1
5638,62,0
5639,9,0
5640,138,0
5641,59,0
5642,39,0
5643,15,0
5644,67,0
5645,126,0
5646,29,0
5647,34,0
5648,65,0
5649,59,0
5650,33,0
5651,200,0
5652,46,0
5653,38,0
5654,119,0
5655,11,0
5656,19,0
5657,9,0
5658,71,0
5659,24,0
5660,39,0
5661,76,0
5662,17,0
5663,33,0
5664,200,0
5665,29,0
5666,58,0
5667,10,0
5668,48,0
5669,82,0
5670,11,0
5671,124,0
5672,27,0
5673,28,0
5674,13,0
5675,42,0
5676,90,0
5677,94,0
5678,32,1
5679,53,0
5680,17,0
5681,43,0
5682,77,0
5683,146,0
5684,40,1
5685,75,0
5686,37,0
5687,67,1
5688,114,0
5689,49,0
5690,56,0
5691,34,0
5692,13,0
5693,12,0
5694,83,0
5695,21,0
5696,52,0
5697,77,0
5698,23,0
5699,68,0
5700,200,0
5701,65,0
5702,41,0
5703,50,0
5704,17,0
5705,69,0
5706,28,0
5707,199,0
5708,33,0
5709,151,0
5710,41,0
5711,66,0
5712,32,0
5713,149,0
5714,200,0
5715,25,0
5716,11,0
5717,87,0
5718,23,0
5719,168,0
5720,61,0
5721,9,0
5722,7,0
5723,47,0
5724,13,0
5725,14,0
5726,81,0
5727,33,0
5728,62,0
5729,53,0
5730,44,0
5731,41,1
5732,44,0
5733,72,0
5734,81,0
5735,23,0
5736,72,0
5737,76,0
5738,170,0
5739,78,0
5740,19,0
5741,129,0
5742,29,0
5743,35,0
5744,44,0
5745,121,0
5746,173,0
5747,30,0
5748,23,0
5749,71,0
5750,125,0
5751,62,0
5752,191,0
5753,32,0
5754,118,0
5755,47,0
5756,86,0
5757,14,0
5758,16,0
5759,41,0
5760,43,0
5761,152,0
5762,89,0
5763,41,1
5764,60,0
5765,27,0
5766,75,0
5767,200,0
5768,46,0
5769,61,0
5770,160,0
5771,22,0
5772,51,0
5773,12,0
5774,19,0
5775,151,0
5776,21,0
5777,48,0
5778,19,0
5779,7,0
5780,38,0
5781,29,1
5782,17,0
5783,33,0
5784,31,0
5785,72,0
5786,110,0
5787,36,0
5788,59,0
5789,19,0
5790,96,0
5791,8,0
5792,108,0
5793,63,0
5794,145,0
5795,15,0
5796,19,0
5797,27,0
5798,139,0
5799,39,0
5800,41,0
5801,46,0
5802,174,0
5803,105,0
5804,153,0
5805,54,0
5806,25,0
5807,26,0
5808,60,0
5809,33,0
5810,19,0
5811,34,0
5812,61,0
5813,20,0
5814,25,0
5815,13,0
5816,117,0
5817,98,0
5818,19,0
5819,51,0
5820,71,0
5821,64,0
5822,78,0
5823,91,1
5824,27,0
5825,95,0
5826,145,0
5827,60,0
5828,32,0
5829,49,0
5830,98,1
5831,28,0
5832,25,0
5833,9,0
5834,50,0
5835,56,0
5836,38,0
5837,23,0
5838,130,0
5839,33,0
5840,64,0
5841,165,0
5842,87,0
5843,41,0
5844,18,0
5845,13,0
5846,63,0
5847,61,0
5848,40,0
5849,62,0
5850,184,0
5851,27,0
5852,101,0
5853,92,0
5854,22,0
5855,36,0
5856,81,0
5857,38,0
5858,20,0
5859,57,0
5860,74,0
5861,111,0
5862,11,0
5863,148,0
5864,200,0
5865,9,0
5866,61,0
5867,21,0
5868,49,0
5869,34,0
5870,75,0
5871,18,0
5872,66,0
5873,52,0
5874,25,0
5875,23,0
5876,28,0
5877,129,0
5878,95,0
5879,51,0
5880,32,0
5881,69,0
5882,11,0
5883,46,0
5884,24,0
5885,137,0
5886,54,0
5887,98,0
5888,50,0
5889,73,0
5890,63,0
5891,29,0
5892,22,0
5893,35,0
5894,38,0
5895,110,1
5896,118,0
5897,20,0
5898,11,0
5899,63,0
5900,54,0
5901,79,0
5902,23,0
5903,12,0
5904,17,0
5905,36,0
5906,16,0
5907,15,0
5908,107,0
5909,23,0
5910,35,0
5911,121,0
5912,91,0
5913,178,1
5914,23,1
5915,34,0
5916,177,1
5917,38,0
5918,45,0
5919,42,0
5920,55,1
5921,31,0
5922,86,0
5923,12,0
5924,94,0
5925,34,0
5926,15,0
5927,75,0
5928,83,0
5929,31,0
5930,200,0
5931,28,0
5932,53,0
5933,32,0
5934,114,0
5935,45,0
5936,22,0
5937,53,0
5938,16,0
5939,13,0
5940,14,0
5941,23,0
5942,34,0
5943,13,0
5944,10,0
5945,48,0
5946,29,0
5947,56,1
5948,18,0
5949,28,0
5950,20,0
5951,148,0
5952,72,0
5953,31,0
5954,75,0
5955,54,0
5956,136,0
5957,138,1
5958,43,0
5959,11,0
5960,77,0
5961,20,0
5962,31,0
5963,21,0
5964,20,0
5965,96,0
5966,67,0
5967,76,0
5968,43,0
5969,10,0
5970,36,0
5971,200,0
5972,48,0
5973,22,0
5974,78,0
5975,14,0
5976,18,0
5977,64,0
5978,68,0
5979,60,0
5980,18,0
5981,13,0
5982,43,0
5983,18,0
5984,45,0
5985,21,0
5986,91,0
5987,173,0
5988,41,0
5989,18,0
5990,58,0
5991,39,0
5992,19,0
5993,17,0
5994,84,0
5995,48,0
5996,33,0
5997,80,0
5998,43,0
5999,52,0
6000,51,0
6001,69,0
6002,59,0
6003,20,0
6004,151,1
6005,10,0
6006,42,0
6007,66,0
6008,24,0
6009,22,0
6010,80,0
6011,81,0
6012,49,0
6013,65,0
6014,64,0
6015,33,0
6016,151,0
6017,23,0
6018,13,0
6019,40,0
6020,60,0
6021,163,0
6022,36,0
6023,80,0
6024,38,0
6025,26,0
6026,78,1
6027,29,0
6028,36,1
6029,30,0
6030,99,0
6031,18,0
6032,67,0
6033,8,0
6034,17,0
6035,49,0
6036,89,0
6037,124,0
6038,26,0
6039,118,0
6040,62,0
6041,117,0
6042,142,0
6043,51,0
6044,121,0
6045,158,0
6046,87,0
6047,36,0
6048,14,0
6049,52,0
6050,36,0
6051,128,0
6052,200,0
6053,21,0
6054,135,0
6055,20,0
6056,11,0
6057,161,0
6058,49,0
6059,119,0
6060,23,0
6061,39,0
6062,7,0
6063,200,0
6064,72,0
6065,129,0
6066,109,1
6067,200,0
6068,156,0
6069,134,0
6070,50,0
6071,55,0
6072,29,0
6073,22,0
6074,87,0
6075,26,0
6076,49,0
6077,86,0
6078,14,0
6079,56,1
6080,21,0
6081,35,0
6082,46,0
6083,11,0
6084,100,0
6085,19,0
6086,59,0
6087,17,0
6088,20,0
6089,72,0
6090,106,0
6091,41,0
6092,8,0
6093,125,0
6094,28,0
6095,93,0
6096,149,0
6097,127,0
6098,35,0
6099,169,0
6100,13,0
6101,53,0
6102,182,0
6103,14,0
6104,184,0
6105,31,0
6106,60,0
6107,73,0
6108,72,0
6109,54,0
6110,179,0
6111,63,0
6112,11,0
6113,36,0
6114,46,0
6115,44,0
6116,102,0
6117,45,0
6118,71,0
6119,132,0
6120,18,0
6121,11,0
6122,38,0
6123,53,0
6124,66,0
6125,143,0
6126,16,0
6127,22,0
6128,158,0
6129,184,0
6130,30,0
6131,78,0
6132,34,0
6133,178,0
6134,7,0
6135,12,0
6136,90,0
6137,55,0
6138,10,0
6139,24,0
6140,51,0
6141,200,0
6142,24,0
6143,16,0
6144,36,0
6145,87,0
6146,14,0
6147,21,0
6148,36,0
6149,24,0
6150,120,0
6151,133,0
6152,31,0
6153,60,0
6154,15,0
6155,110,0
6156,64,0
6157,20,0
6158,49,0
6159,94,0
6160,40,0
6161,112,0
6162,44,0
6163,34,0
6164,20,0
6165,66,0
6166,44,0
6167,33,0
6168,109,0
6169,76,0
6170,90,0
6171,38,0
6172,40,0
6173,17,0
6174,68,0
6175,200,0
6176,63,0
6177,28,0
6178,22,0
6179,82,0
6180,65,0
6181,13,0
6182,46,0
6183,44,0
6184,76,0
6185,93,0
6186,95,0
6187,27,0
6188,12,0
6189,62,1
6190,53,0
6191,172,0
6192,79,0
6193,15,0
6194,29,0
6195,14,0
6196,56,0
6197,45,0
6198,86,0
6199,77,0
6200,71,0
6201,10,0
6202,12,0
6203,27,0
6204,26,0
6205,15,0
6206,53,0
6207,7,0
6208,31,0
6209,20,0
6210,40,0
6211,16,0
6212,19,0
6213,78,0
6214,13,0
6215,35,1
6216,20,0
6217,11,0
6218,70,0
6219,136,0
6220,119,0
6221,87,0
6222,64,0
6223,26,0
6224,11,0
6225,122,0
6226,53,0
6227,42,0
6228,29,0
6229,35,0
6230,27,0
6231,46,1
6232,23,0
6233,79,0
6234,91,0
6235,13,0
6236,200,0
6237,11,0
6238,80,0
6239,73,0
6240,72,0
6241,38,0
6242,47,0
6243,20,0
6244,69,0
6245,37,0
6246,28,0
6247,36,0
6248,35,0
6249,55,0
6250,18,0
6251,39,0
6252,24,0
6253,170,0
6254,124,0
6255,74,0
6256,23,0
6257,18,0
6258,33,0
6259,163,0
6260,45,0
6261,25,0
6262,36,0
6263,33,0
6264,15,0
6265,11,0
6266,22,0
6267,15,0
6268,68,0
6269,18,0
6270,61,0
6271,15,0
6272,9,0
6273,101,0
6274,15,0
6275,200,0
6276,19,0
6277,127,0
6278,50,0
6279,17,0
6280,26,0
6281,34,0
6282,21,0
6283,103,0
6284,17,0
6285,125,0
6286,63,0
6287,86,0
6288,22,0
6289,66,0
6290,25,0
6291,27,0
6292,68,0
6293,40,0
6294,64,0
6295,55,0
6296,16,0
6297,12,0
6298,37,0
6299,90,0
6300,155,0
6301,51,0
6302,103,0
6303,41,0
6304,38,0
6305,35,0
6306,15,0
6307,40,0
6308,188,0
6309,41,0
6310,36,0
6311,27,0
6312,12,0
6313,31,0
6314,33,0
6315,20,0
6316,99,0
6317,152,0
6318,39,0
6319,50,0
6320,34,0
6321,54,0
6322,16,0
6323,44,0
6324,26,0
6325,36,0
6326,31,0
6327,77,0
6328,63,0
6329,140,0
6330,120,0
6331,166,0
6332,37,0
6333,19,0
6334,12,0
6335,16,0
6336,13,0
6337,22,0
6338,38,0
6339,37,0
6340,59,0
6341,194,0
6342,73,0
6343,85,0
6344,165,0
6345,18,0
6346,35,0
6347,17,0
6348,16,0
6349,82,0
6350,112,0
6351,30,0
6352,33,0
6353,14,0
6354,81,0
6355,23,1
6356,153,0
6357,24,0
6358,159,0
6359,85,0
6360,92,0
6361,7,0
6362,200,0
6363,15,0
6364,44,0
6365,13,0
6366,41,0
6367,44,0
6368,66,0
6369,79,0
6370,158,0
6371,39,0
6372,10,0
6373,139,0
6374,22,0
6375,49,0
6376,139,0
6377,15,0
6378,88,0
6379,89,0
6380,14,0
6381,44,0
6382,24,0
6383,34,0
6384,17,0
6385,44,0
6386,36,0
6387,172,0
6388,95,0
6389,46,0
6390,16,0
6391,18,0
6392,200,0
6393,44,0
6394,48,0
6395,33,0
6396,189,0
6397,24,0
6398,15,0
6399,12,0
6400,28,0
6401,74,0
6402,144,0
6403,127,0
6404,11,0
6405,93,0
6406,14,0
6407,37,0
6408,103,0
6409,59,0
6410,51,0
6411,28,0
6412,25,0
6413,7,0
6414,103,0
6415,60,0
6416,43,0
6417,34,0
6418,172,0
6419,94,0
6420,162,0
6421,101,0
6422,11,0
6423,48,0
6424,15,0
6425,36,0
6426,125,1
6427,47,0
6428,41,0
6429,133,0
6430,71,0
6431,66,0
6432,12,0
6433,101,0
6434,20,0
6435,156,0
6436,25,0
6437,31,0
6438,104,0
6439,31,0
6440,70,0
6441,30,0
6442,97,0
6443,48,0
6444,69,0
6445,77,0
6446,71,1
6447,56,0
6448,37,0
6449,17,0
6450,147,0
6451,102,0
6452,29,1
6453,25,0
6454,89,0
6455,26,0
6456,121,0
6457,38,0
6458,26,0
6459,7,0
6460,56,0
6461,88,0
6462,76,0
6463,52,0
6464,16,0
6465,30,0
6466,187,1
6467,15,0
6468,37,0
6469,86,0
6470,30,0
6471,114,0
6472,25,0
6473,28,0
6474,7,0
6475,72,0
6476,200,0
6477,13,0
6478,26,0
6479,78,0
6480,30,0
6481,134,0
6482,40,0
6483,63,0
6484,25,0
6485,51,0
6486,33,0
6487,9,0
6488,51,0
6489,67,0
6490,43,0
6491,31,0
6492,114,0
6493,19,0
6494,28,0
6495,12,0
6496,23,0
6497,20,0
6498,27,0
6499,170,0
6500,200,0
6501,61,0
6502,136,0
6503,61,0
6504,23,0
6505,45,0
6506,81,0
6507,7,0
6508,90,0
6509,56,0
6510,15,0
6511,53,0
6512,17,0
6513,10,0
6514,31,0
6515,200,0
6516,59,0
6517,14,0
6518,71,0
6519,58,0
6520,164,0
6521,110,0
6522,73,0
6523,22,0
6524,30,0
6525,156,0
6526,127,0
6527,11,0
6528,110,0
6529,19,0
6530,80,0
6531,101,0
6532,46,0
6533,9,0
6534,163,0
6535,200,0
6536,200,0
6537,125,0
6538,31,0
6539,15,0
6540,32,0
6541,200,0
6542,98,0
6543,13,0
6544,55,0
6545,16,0
6546,76,0
6547,60,0
6548,64,0
6549,45,0
6550,13,0
6551,40,0
6552,16,0
6553,12,0
6554,164,0
6555,38,0
6556,15,0
6557,37,0
6558,21,0
6559,19,0
6560,18,0
6561,21,0
6562,16,0
6563,24,0
6564,54,0
6565,15,0
6566,25,0
6567,124,0
6568,19,0
6569,9,0
6570,9,0
6571,12,0
6572,7,0
6573,153,0
6574,15,0
6575,46,0
6576,50,0
6577,11,0
6578,41,0
6579,30,0
6580,11,0
6581,123,0
6582,43,0
6583,22,0
6584,111,0
6585,57,0
6586,30,0
6587,176,1
6588,21,0
6589,128,0
6590,21,0
6591,22,0
6592,44,0
6593,129,0
6594,83,0
6595,72,0
6596,77,0
6597,11,0
6598,57,0
6599,73,0
6600,35,0
6601,54,0
6602,31,0
6603,69,0
6604,97,0
6605,107,0
6606,22,0
6607,165,0
6608,96,0
6609,42,0
6610,25,0
6611,146,0
6612,26,0
6613,45,0
6614,50,0
6615,31,0
6616,49,0
6617,9,0
6618,107,0
6619,91,0
6620,45,0
6621,27,0
6622,52,0
6623,45,0
6624,111,0
6625,200,0
6626,94,0
6627,194,0
6628,42,0
6629,87,0
6630,16,0
6631,65,0
6632,18,0
6633,27,0
6634,35,0
6635,17,0
6636,139,0
6637,32,0
6638,133,0
6639,46,0
6640,100,0
6641,55,0
6642,51,1
6643,51,0
6644,33,0
6645,84,0
6646,154,0
6647,58,0
6648,107,1
6649,25,0
6650,19,0
6651,21,0
6652,13,0
6653,16,0
6654,110,0
6655,9,0
6656,30,0
6657,112,0
6658,37,0
6659,136,0
6660,147,0
6661,151,0
6662,51,0
6663,53,0
6664,41,0
6665,12,0
6666,25,0
6667,61,0
6668,36,0
6669,18,0
6670,18,0
6671,92,0
6672,43,0
6673,52,0
6674,40,0
6675,56,0
6676,49,0
6677,21,0
6678,97,0
6679,52,0
6680,33,0
6681,39,0
6682,102,0
6683,31,0
6684,67,0
6685,200,0
6686,180,0
6687,76,0
6688,29,0
6689,10,0
6690,16,0
6691,56,0
6692,72,0
6693,57,0
6694,78,0
6695,14,0
6696,158,0
6697,14,0
6698,45,0
6699,60,0
6700,17,0
6701,29,0
6702,89,0
6703,31,0
6704,18,0
6705,200,0
6706,36,0
6707,166,0
6708,46,0
6709,179,0
6710,51,1
6711,30,0
6712,200,0
6713,69,0
6714,120,0
6715,15,0
6716,104,0
6717,127,0
6718,61,0
6719,19,0
6720,29,0
6721,85,0
6722,31,0
6723,16,0
6724,55,0
6725,82,0
6726,19,0
6727,161,0
6728,92,0
6729,25,0
6730,68,0
6731,118,0
6732,108,0
6733,23,0
6734,160,0
6735,66,1
6736,65,0
6737,141,0
6738,17,0
6739,33,0
6740,118,0
6741,68,0
6742,26,0
6743,100,0
6744,99,0
6745,22,0
6746,54,0
6747,64,0
6748,200,0
6749,36,0
6750,76,0
6751,91,1
6752,102,0
6753,26,0
6754,158,0
6755,158,0
6756,22,0
6757,200,0
6758,18,0
6759,200,0
6760,111,1
6761,43,0
6762,89,0
6763,93,0
6764,10,0
6765,133,0
6766,153,0
6767,64,0
6768,86,0
6769,11,0
6770,42,0
6771,9,0
6772,81,0
6773,200,0
6774,66,0
6775,30,0
6776,63,0
6777,43,0
6778,20,0
6779,32,0
6780,113,0
6781,138,0
6782,23,0
6783,34,0
6784,153,0
6785,32,0
6786,11,0
6787,43,0
6788,56,0
6789,92,0
6790,32,0
6791,128,0
6792,19,0
6793,10,0
6794,21,0
6795,31,0
6796,18,0
6797,18,0
6798,10,0
6799,97,0
6800,20,0
6801,13,0
6802,81,0
6803,13,0
6804,26,0
6805,52,0
6806,47,0
6807,156,0
6808,120,0
6809,142,0
6810,109,0
6811,156,0
6812,200,0
6813,16,0
6814,16,0
6815,38,0
6816,129,0
6817,16,0
6818,22,0
6819,28,0
6820,35,0
6821,13,0
6822,12,0
6823,20,0
6824,34,0
6825,11,0
6826,83,0
6827,75,0
6828,27,0
6829,36,0
6830,10,0
6831,70,0
6832,68,0
6833,70,0
6834,39,0
6835,27,0
6836,88,0
6837,70,0
6838,160,0
6839,23,0
6840,17,0
6841,200,0
6842,41,0
6843,26,0
6844,28,0
6845,15,0
6846,122,0
6847,27,0
6848,13,0
6849,10,0
6850,147,0
6851,22,0
6852,81,0
6853,77,0
6854,21,0
6855,49,0
6856,21,0
6857,184,0
6858,27,0
6859,17,0
6860,80,0
6861,19,0
6862,61,0
6863,13,0
6864,167,0
6865,36,0
6866,200,0
6867,18,0
6868,179,0
6869,63,0
6870,98,0
6871,52,0
6872,42,0
6873,54,0
6874,14,0
6875,15,0
6876,8,0
6877,49,0
6878,37,0
6879,12,0
6880,14,0
6881,102,1
6882,18,0
6883,36,0
6884,68,0
6885,26,0
6886,200,0
6887,32,0
6888,9,0
6889,67,0
6890,34,0
6891,17,0
6892,30,0
6893,24,0
6894,46,0
6895,26,0
6896,28,0
6897,30,0
6898,59,0
6899,47,0
6900,95,0
6901,65,0
6902,46,0
6903,41,0
6904,51,0
6905,75,0
6906,88,0
6907,18,0
6908,56,0
6909,51,0
6910,100,0
6911,17,0
6912,79,0
6913,149,0
6914,34,0
6915,31,0
6916,64,0
6917,17,0
6918,16,0
6919,18,0
6920,116,0
6921,37,0
6922,85,0
6923,47,0
6924,124,0
6925,82,0
6926,27,0
6927,53,0
6928,44,0
6929,60,0
6930,188,0
6931,12,0
6932,44,0
6933,191,0
6934,22,0
6935,27,0
6936,46,0
6937,135,0
6938,25,0
6939,11,0
6940,131,0
6941,33,0
6942,10,0
6943,89,0
6944,20,0
6945,77,0
6946,10,0
6947,160,0
6948,13,0
6949,114,0
6950,68,0
6951,82,0
6952,40,0
6953,42,0
6954,16,0
6955,20,0
6956,31,0
6957,53,0
6958,50,0
6959,11,0
6960,100,0
6961,144,0
6962,34,0
6963,11,0
6964,61,0
6965,68,0
6966,20,0
6967,10,0
6968,12,0
6969,127,0
6970,20,0
6971,31,0
6972,34,0
6973,44,0
6974,88,0
6975,67,1
6976,50,0
6977,11,0
6978,77,0
6979,71,0
6980,16,0
6981,200,0
6982,19,0
6983,23,0
6984,11,0
6985,178,0
6986,18,0
6987,81,0
6988,57,0
6989,91,0
6990,200,0
6991,86,0
6992,96,0
6993,151,0
6994,17,0
6995,31,0
6996,164,0
6997,12,0
6998,45,0
6999,70,0
7000,23,0
7001,103,0
7002,83,0
7003,15,0
7004,84,1
7005,153,1
7006,176,0
7007,22,0
7008,73,0
7009,16,0
7010,200,0
7011,20,0
7012,29,0
7013,15,0
7014,12,0
7015,64,0
7016,18,0
7017,64,0
7018,167,0
7019,35,0
7020,13,0
7021,23,0
7022,28,0
7023,17,0
7024,45,0
7025,121,0
7026,78,0
7027,58,0
7028,158,0
7029,66,0
7030,140,0
7031,141,0
7032,48,0
7033,46,0
7034,103,0
7035,12,0
7036,130,0
7037,70,0
7038,47,0
7039,116,1
7040,9,0
7041,107,0
7042,75,0
7043,35,0
7044,61,0
7045,98,0
7046,13,0
7047,60,0
7048,74,0
7049,60,0
7050,11,0
7051,96,0
7052,104,0
7053,200,0
7054,73,0
7055,16,0
7056,11,0
7057,200,0
7058,78,0
7059,150,0
7060,35,0
7061,14,0
7062,200,0
7063,90,0
7064,44,0
7065,143,1
7066,200,0
7067,24,0
7068,174,0
7069,30,0
7070,12,0
7071,71,0
7072,41,0
7073,103,0
7074,38,0
7075,21,0
7076,83,0
7077,36,0
7078,13,0
7079,14,0
7080,131,0
7081,200,0
7082,57,0
7083,135,0
7084,112,1
7085,27,0
7086,48,0
7087,41,0
7088,25,0
7089,52,0
7090,176,0
7091,47,0
7092,16,0
7093,200,0
7094,28,0
7095,184,0
7096,12,0
7097,16,0
7098,62,0
7099,38,0
7100,21,0
7101,29,0
7102,8,0
7103,67,0
7104,38,0
7105,18,0
7106,29,0
7107,32,0
7108,32,0
7109,26,0
7110,53,0
7111,66,0
7112,51,0
7113,13,0
7114,71,0
7115,97,0
7116,21,0
7117,51,0
7118,20,0
7119,200,0
7120,200,0
7121,19,0
7122,115,0
7123,45,0
7124,18,0
7125,9,0
7126,12,0
7127,19,0
7128,200,0
7129,14,0
7130,62,0
7131,13,0
7132,77,0
7133,66,0
7134,161,0
7135,127,1
7136,69,0
7137,13,0
7138,42,0
7139,12,0
7140,25,0
7141,17,0
7142,75,0
7143,34,0
7144,48,0
7145,30,0
7146,41,0
7147,143,0
7148,44,0
7149,70,0
7150,10,0
7151,125,0
7152,32,0
7153,25,0
7154,8,0
7155,70,0
7156,18,0
7157,118,0
7158,104,0
7159,94,0
7160,126,0
7161,110,0
7162,58,0
7163,20,0
7164,38,0
7165,74,0
7166,10,0
7167,90,0
7168,142,0
7169,62,0
7170,38,0
7171,74,0
7172,180,0
7173,71,0
7174,48,0
7175,133,0
7176,26,0
7177,62,0
7178,8,0
7179,18,0
7180,20,0
7181,18,0
7182,94,0
7183,46,0
7184,18,0
7185,87,0
7186,29,0
7187,127,0
7188,20,0
7189,21,0
7190,89,0
7191,68,0
7192,39,0
7193,13,0
7194,86,0
7195,34,0
7196,74,0
7197,17,0
7198,64,0
7199,9,0
7200,200,0
7201,100,0
7202,99,0
7203,38,0
7204,37,0
7205,76,0
7206,73,0
7207,28,0
7208,34,0
7209,66,0
7210,38,0
7211,27,0
7212,107,0
7213,16,0
7214,92,0
7215,60,0
7216,195,0
7217,137,0
7218,22,0
7219,12,0
7220,40,0
7221,25,0
7222,12,0
7223,112,0
7224,50,0
7225,190,0
7226,18,0
7227,119,0
7228,35,0
7229,47,0
7230,200,0
7231,39,0
7232,34,0
7233,51,0
7234,60,0
7235,21,0
7236,84,0
7237,19,0
7238,46,0
7239,14,0
7240,24,0
7241,126,0
7242,112,0
7243,66,0
7244,200,1
7245,34,0
7246,54,0
7247,106,0
7248,50,0
7249,128,0
7250,143,0
7251,29,0
7252,78,0
7253,57,0
7254,9,0
7255,14,0
7256,38,0
7257,49,0
7258,61,0
7259,7,0
7260,7,0
7261,119,0
7262,18,0
7263,30,0
7264,65,0
7265,12,0
7266,35,0
7267,51,0
7268,200,0
7269,170,0
7270,26,0
7271,13,0
7272,88,0
7273,76,0
7274,27,0
7275,45,0
7276,57,0
7277,77,0
7278,108,0
7279,57,0
7280,50,0
7281,26,0
7282,165,0
7283,66,0
7284,57,1
7285,42,0
7286,19,0
7287,83,0
7288,66,0
7289,113,0
7290,86,0
7291,87,0
7292,26,0
7293,43,0
7294,200,0
7295,93,0
7296,54,0
7297,33,1
7298,68,0
7299,139,0
7300,76,0
7301,200,0
7302,11,0
7303,200,0
7304,70,0
7305,27,0
7306,18,0
7307,192,0
7308,60,0
7309,194,0
7310,16,0
7311,51,0
7312,29,0
7313,24,0
7314,123,0
7315,19,0
7316,73,0
7317,66,0
7318,114,0
7319,66,0
7320,28,0
7321,20,0
7322,11,0
7323,81,0
7324,19,0
7325,9,0
7326,51,0
7327,52,0
7328,88,0
7329,87,0
7330,53,0
7331,10,0
7332,11,0
7333,109,1
7334,28,0
7335,39,0
7336,80,0
7337,84,0
7338,23,0
7339,55,0
7340,64,0
7341,56,0
7342,33,0
7343,18,0
7344,200,0
7345,62,0
7346,200,0
7347,15,0
7348,15,0
7349,89,0
7350,41,0
7351,34,0
7352,14,0
7353,13,0
7354,31,0
7355,65,0
7356,19,0
7357,37,0
7358,146,0
7359,140,0
7360,30,0
7361,79,0
7362,95,0
7363,147,0
7364,29,0
7365,8,0
7366,57,0
7367,14,0
7368,12,0
7369,27,0
7370,38,1
7371,64,0
7372,145,0
7373,168,0
7374,173,0
7375,128,0
7376,61,0
7377,30,0
7378,143,0
7379,18,0
7380,78,0
7381,30,0
7382,169,0
7383,27,0
7384,68,0
7385,78,0
7386,40,0
7387,16,0
7388,134,0
7389,75,0
7390,44,0
7391,50,1
7392,35,0
7393,22,0
7394,147,0
7395,80,0
7396,104,0
7397,74,0
7398,12,0
7399,10,0
7400,200,0
7401,53,0
7402,111,0
7403,8,0
7404,67,0
7405,9,0
7406,21,0
7407,31,0
7408,45,0
7409,105,0
7410,100,0
7411,197,0
7412,19,0
7413,53,0
7414,23,0
7415,49,0
7416,96,0
7417,200,0
7418,15,0
7419,8,0
7420,20,0
7421,81,0
7422,73,0
7423,18,0
7424,22,0
7425,32,0
7426,112,0
7427,22,0
7428,57,1
7429,10,0
7430,71,0
7431,95,0
7432,15,0
7433,35,0
7434,38,0
7435,31,0
7436,22,0
7437,112,0
7438,10,0
7439,77,0
7440,200,0
7441,36,0
7442,75,0
7443,110,0
7444,53,0
7445,13,0
7446,14,0
7447,18,0
7448,71,0
7449,26,0
7450,32,0
7451,38,0
7452,159,0
7453,59,0
7454,25,0
7455,80,0
7456,200,0
7457,28,0
7458,16,0
7459,16,0
7460,106,0
7461,7,0
7462,104,0
7463,12,0
7464,105,0
7465,46,0
7466,24,0
7467,100,1
7468,91,0
7469,34,0
7470,162,0
7471,44,0
7472,108,0
7473,15,0
7474,48,0
7475,156,0
7476,103,0
7477,47,0
7478,66,0
7479,8,0
7480,40,0
7481,54,0
7482,64,0
7483,125,0
7484,113,0
7485,15,0
7486,76,0
7487,32,0
7488,200,0
7489,142,0
7490,183,0
7491,13,0
7492,11,0
7493,14,0
7494,11,0
7495,44,0
7496,38,0
7497,200,0
7498,198,0
7499,18,0
7500,99,0
7501,56,0
7502,65,0
7503,77,0
7504,23,1
7505,128,0
7506,178,0
7507,46,0
7508,100,0
7509,30,0
7510,15,0
7511,96,0
7512,30,0
7513,67,0
7514,89,0
7515,10,0
7516,27,0
7517,18,0
7518,34,0
7519,43,0
7520,13,0
7521,42,0
7522,29,0
7523,133,0
7524,74,0
7525,58,0
7526,14,0
7527,132,0
7528,9,0
7529,116,0
7530,158,0
7531,7,0
7532,17,0
7533,10,0
7534,83,0
7535,35,0
7536,27,0
7537,31,0
7538,50,0
7539,23,0
7540,116,0
7541,18,0
7542,38,0
7543,22,0
7544,12,0
7545,23,0
7546,38,0
7547,94,0
7548,26,0
7549,23,0
7550,151,0
7551,31,0
7552,43,0
7553,15,0
7554,58,0
7555,39,0
7556,23,0
7557,131,0
7558,104,0
7559,27,0
7560,88,0
7561,80,0
7562,37,0
7563,112,0
7564,45,0
7565,69,0
7566,13,0
7567,30,0
7568,200,0
7569,33,0
7570,41,0
7571,18,0
7572,76,0
7573,17,0
7574,50,0
7575,44,0
7576,55,0
7577,52,0
7578,61,0
7579,9,0
7580,11,0
7581,23,0
7582,57,0
7583,117,0
7584,14,0
7585,89,0
7586,28,0
7587,32,0
7588,47,0
7589,73,0
7590,102,0
7591,15,0
7592,54,0
7593,44,0
7594,9,0
7595,49,0
7596,34,0
7597,27,0
7598,144,0
7599,19,0
7600,17,0
7601,197,0
7602,105,0
7603,82,0
7604,53,0
7605,88,0
7606,15,0
7607,13,0
7608,12,0
7609,58,0
7610,136,0
7611,31,0
7612,57,0
7613,200,0
7614,65,0
7615,71,0
7616,29,0
7617,40,0
7618,46,0
7619,25,0
7620,23,0
7621,53,0
7622,18,0
7623,18,0
7624,127,0
7625,78,0
7626,34,0
7627,107,0
7628,30,0
7629,139,0
7630,108,0
7631,25,0
7632,142,0
7633,19,0
7634,180,0
7635,111,0
7636,89,0
7637,111,0
7638,58,1
7639,79,1
7640,38,0
7641,80,0
7642,13,0
7643,40,0
7644,34,0
7645,20,0
7646,84,0
7647,155,0
7648,36,0
7649,132,0
7650,19,0
7651,55,0
7652,175,0
7653,12,0
7654,43,0
7655,41,0
7656,82,0
7657,45,0
7658,23,0
7659,78,0
7660,25,0
7661,100,0
7662,12,0
7663,55,0
7664,24,0
7665,16,0
7666,45,0
7667,25,0
7668,16,0
7669,47,0
7670,13,0
7671,47,0
7672,103,0
7673,102,0
7674,174,1
7675,7,0
7676,24,0
7677,13,0
7678,58,0
7679,57,0
7680,34,0
7681,45,0
7682,27,0
7683,79,0
7684,26,0
7685,27,0
7686,135,0
7687,64,0
7688,11,0
7689,143,0
7690,24,0
7691,108,0
7692,37,0
7693,20,0
7694,47,0
7695,15,0
7696,200,0
7697,64,0
7698,12,0
7699,61,0
7700,86,0
7701,33,0
7702,32,0
7703,163,0
7704,175,0
7705,13,0
7706,25,0
7707,37,0
7708,52,0
7709,19,0
7710,109,1
7711,47,0
7712,177,0
7713,9,0
7714,47,0
7715,61,0
7716,17,0
7717,21,0
7718,15,0
7719,83,0
7720,91,0
7721,115,0
7722,146,0
7723,10,0
7724,200,0
7725,147,0
7726,200,0
7727,14,0
7728,23,0
7729,106,0
7730,33,0
7731,65,0
7732,58,0
7733,118,0
7734,11,0
7735,87,0
7736,31,0
7737,41,0
7738,12,0
7739,86,0
7740,43,0
7741,79,0
7742,128,0
7743,36,0
7744,33,0
7745,17,0
7746,60,0
7747,148,1
7748,200,0
7749,43,0
7750,41,0
7751,41,0
7752,32,0
7753,23,0
7754,19,0
7755,95,0
7756,17,0
7757,11,0
7758,195,1
7759,200,0
7760,30,0
7761,20,0
7762,16,0
7763,34,0
7764,90,0
7765,14,0
7766,69,0
7767,116,0
7768,44,0
7769,88,0
7770,151,0
7771,10,0
7772,39,0
7773,38,0
7774,9,0
7775,55,0
7776,155,0
7777,43,0
7778,64,0
7779,28,0
7780,101,0
7781,136,0
7782,152,0
7783,10,0
7784,73,0
7785,37,0
7786,44,0
7787,29,0
7788,48,0
7789,60,0
7790,164,0
7791,150,1
7792,13,0
7793,79,0
7794,20,0
7795,105,0
7796,86,0
7797,28,0
7798,161,0
7799,10,0
7800,84,0
7801,37,0
7802,24,0
7803,111,0
7804,31,0
7805,43,0
7806,90,0
7807,19,0
7808,23,0
7809,40,0
7810,60,0
7811,35,0
7812,9,0
7813,22,0
7814,37,0
7815,48,0
7816,51,1
7817,79,0
7818,22,0
7819,127,0
7820,64,0
7821,104,0
7822,171,0
7823,104,0
7824,45,0
7825,26,0
7826,37,0
7827,20,0
7828,182,0
7829,27,0
7830,90,0
7831,146,0
7832,48,0
7833,13,0
7834,85,0
7835,59,0
7836,154,0
7837,78,0
7838,145,0
7839,29,0
7840,79,1
7841,58,0
7842,24,0
7843,81,0
7844,9,0
7845,69,0
7846,24,0
7847,11,0
7848,150,0
7849,167,0
7850,13,0
7851,140,0
7852,82,0
7853,25,0
7854,122,0
7855,135,0
7856,13,0
7857,86,0
7858,137,0
7859,27,0
7860,43,0
7861,60,0
7862,28,0
7863,32,0
7864,17,0
7865,19,0
7866,36,0
7867,50,0
7868,21,0
7869,28,0
7870,68,0
7871,103,0
7872,39,0
7873,29,0
7874,44,0
7875,11,0
7876,18,0
7877,72,0
7878,200,0
7879,110,0
7880,87,0
7881,22,0
7882,53,1
7883,68,0
7884,15,0
7885,131,0
7886,94,0
7887,60,0
7888,20,0
7889,33,0
7890,23,0
7891,158,0
7892,10,0
7893,37,0
7894,23,0
7895,41,0
7896,92,0
7897,153,0
7898,16,0
7899,15,0
7900,21,0
7901,75,0
7902,16,0
7903,63,0
7904,58,0
7905,109,0
7906,23,0
7907,17,0
7908,67,0
7909,23,0
7910,59,0
7911,170,0
7912,16,0
7913,11,0
7914,109,0
7915,141,0
7916,60,0
7917,28,0
7918,114,0
7919,28,0
7920,89,0
7921,60,0
7922,57,0
7923,16,0
7924,118,0
7925,153,0
7926,126,0
7927,56,0
7928,61,0
7929,17,0
7930,167,0
7931,68,1
7932,53,0
7933,50,0
7934,98,0
7935,117,0
7936,86,0
7937,12,0
7938,90,0
7939,10,0
7940,200,0
7941,60,0
7942,118,0
7943,174,0
7944,133,0
7945,122,0
7946,200,0
7947,170,0
7948,174,0
7949,75,0
7950,36,0
7951,35,0
7952,21,0
7953,14,0
7954,15,0
7955,116,0
7956,80,1
7957,13,0
7958,80,0
7959,17,0
7960,20,0
7961,21,0
7962,20,0
7963,21,0
7964,57,0
7965,20,0
7966,17,0
7967,88,0
7968,31,0
7969,31,0
7970,45,0
7971,147,0
7972,44,0
7973,15,0
7974,38,0
7975,23,0
7976,21,0
7977,168,0
7978,26,0
7979,41,0
7980,21,0
7981,50,0
7982,41,0
7983,7,0
7984,19,0
7985,200,0
7986,200,0
7987,125,0
7988,116,0
7989,42,0
7990,21,0
7991,22,0
7992,37,0
7993,18,0
7994,8,0
7995,73,0
7996,23,0
7997,52,0
7998,15,0
7999,102,0
8000,98,0
8001,33,0
8002,24,0
8003,25,0
8004,18,0
8005,20,0
8006,109,0
8007,11,0
8008,200,0
8009,62,0
8010,107,0
8011,69,0
8012,116,0
8013,13,0
8014,15,0
8015,15,0
8016,12,0
8017,21,0
8018,49,0
8019,77,0
8020,18,0
8021,200,0
8022,16,0
8023,200,0
8024,28,0
8025,16,0
8026,200,0
8027,113,0
8028,90,0
8029,45,1
8030,42,0
8031,117,0
8032,17,0
8033,137,0
8034,124,0
8035,54,1
8036,18,0
8037,25,0
8038,113,0
8039,48,0
8040,28,0
8041,23,0
8042,31,0
8043,18,0
8044,60,0
8045,30,0
8046,34,0
8047,77,0
8048,46,0
8049,15,0
8050,108,0
8051,34,0
8052,16,0
8053,37,0
8054,88,0
8055,59,0
8056,41,0
8057,28,0
8058,68,0
8059,37,0
8060,64,0
8061,73,0
8062,69,0
8063,34,0
8064,99,0
8065,121,0
8066,78,0
8067,84,0
8068,45,0
8069,200,0
8070,13,0
8071,147,0
8072,30,0
8073,49,0
8074,46,0
8075,13,0
8076,30,0
8077,20,0
8078,66,0
8079,25,0
8080,91,0
8081,51,0
8082,23,0
8083,43,0
8084,13,0
8085,13,0
8086,26,0
8087,21,0
8088,28,0
8089,117,0
8090,139,0
8091,18,0
8092,74,0
8093,9,0
8094,15,0
8095,92,0
8096,99,0
8097,21,0
8098,57,0
8099,18,0
8100,75,1
8101,17,0
8102,21,0
8103,22,0
8104,81,0
8105,60,0
8106,33,0
8107,48,0
8108,28,0
8109,59,0
8110,30,0
8111,68,0
8112,37,0
8113,101,0
8114,18,0
8115,13,0
8116,54,0
8117,74,0
8118,27,0
8119,82,0
8120,163,0
8121,20,0
8122,40,0
8123,45,0
8124,9,0
8125,155,0
8126,74,0
8127,19,0
8128,128,0
8129,129,0
8130,17,0
8131,109,0
8132,151,0
8133,108,0
8134,83,0
8135,121,1
8136,57,0
8137,32,0
8138,54,0
8139,83,0
8140,56,0
8141,45,0
8142,61,0
8143,79,0
8144,67,0
8145,56,0
8146,17,0
8147,87,0
8148,23,0
8149,129,0
8150,14,0
8151,32,1
8152,74,0
8153,17,0
8154,168,0
8155,9,0
8156,184,1
8157,12,0
8158,46,0
8159,10,0
8160,126,0
8161,102,0
8162,174,0
8163,87,0
8164,30,0
8165,85,0
8166,40,0
8167,39,0
8168,138,0
8169,24,0
8170,200,0
8171,200,0
8172,91,0
8173,103,0
8174,30,0
8175,200,0
8176,25,0
8177,85,0
8178,23,0
8179,19,0
8180,65,0
8181,197,0
8182,30,0
8183,29,0
8184,58,0
8185,35,0
8186,85,0
8187,16,0
8188,200,0
8189,84,0
8190,79,0
8191,56,0
8192,137,0
8193,32,0
8194,45,0
8195,53,0
8196,48,0
8197,157,0
8198,46,1
8199,27,0
8200,41,0
8201,57,0
8202,73,0
8203,28,0
8204,200,0
8205,27,0
8206,22,0
8207,40,0
8208,15,0
8209,7,0
8210,14,0
8211,32,0
8212,14,0
8213,90,0
8214,26,0
8215,144,0
8216,29,0
8217,57,0
8218,156,0
8219,19,0
8220,14,0
8221,43,0
8222,38,0
8223,63,0
8224,14,0
8225,19,0
8226,85,0
8227,200,0
8228,87,0
8229,164,0
8230,19,0
8231,200,0
8232,118,0
8233,72,0
8234,123,0
8235,38,0
8236,98,0
8237,200,0
8238,145,0
8239,73,0
8240,37,0
8241,50,0
8242,16,0
8243,40,0
8244,103,0
8245,200,0
8246,11,0
8247,77,0
8248,36,0
8249,200,0
8250,32,0
8251,44,0
8252,12,0
8253,33,0
8254,83,0
8255,63,0
8256,68,0
8257,27,0
8258,28,0
8259,43,0
8260,90,0
8261,17,0
8262,104,0
8263,55,0
8264,103,0
8265,12,0
8266,56,0
8267,21,0
8268,8,0
8269,27,0
8270,34,0
8271,80,0
8272,118,0
8273,15,0
8274,11,0
8275,35,0
8276,57,1
8277,13,0
8278,84,0
8279,13,0
8280,37,0
8281,72,0
8282,169,0
8283,22,0
8284,17,0
8285,52,0
8286,73,0
8287,106,0
8288,8,0
8289,74,0
8290,77,0
8291,167,0
8292,101,0
8293,34,0
8294,11,0
8295,42,0
8296,14,0
8297,21,0
8298,25,0
8299,62,0
8300,12,0
8301,36,0
8302,59,0
8303,200,0
8304,62,0
8305,29,0
8306,12,0
8307,23,0
8308,80,0
8309,20,0
8310,59,0
8311,24,0
8312,20,0
8313,200,0
8314,63,0
8315,84,0
8316,33,0
8317,20,0
8318,22,0
8319,200,0
8320,111,0
8321,15,0
8322,35,0
8323,75,0
8324,183,0
8325,87,0
8326,81,0
8327,10,0
8328,10,0
8329,76,0
8330,36,0
8331,108,0
8332,9,0
8333,15,0
8334,93,0
8335,13,0
8336,16,0
8337,121,0
8338,13,0
8339,85,0
8340,36,0
8341,51,1
8342,19,0
8343,19,0
8344,46,0
8345,200,0
8346,18,0
8347,14,0
8348,58,0
8349,129,0
8350,17,0
8351,129,0
8352,90,0
8353,19,0
8354,97,0
8355,69,0
8356,15,0
8357,38,0
8358,22,0
8359,21,0
8360,80,0
8361,200,0
8362,19,0
8363,104,0
8364,22,0
8365,29,0
8366,128,0
8367,17,0
8368,194,0
8369,74,0
8370,30,0
8371,24,0
8372,136,0
8373,8,0
8374,168,0
8375,33,0
8376,11,0
8377,49,0
8378,130,0
8379,23,0
8380,148,0
8381,82,0
8382,58,0
8383,19,0
8384,10,0
8385,150,0
8386,13,0
8387,39,0
8388,13,0
8389,38,0
8390,35,0
8391,113,0
8392,26,0
8393,162,0
8394,60,0
8395,33,0
8396,17,0
8397,188,0
8398,26,0
8399,15,0
8400,33,0
8401,90,0
8402,20,0
8403,18,0
8404,9,0
8405,55,0
8406,27,0
8407,11,0
8408,31,0
8409,23,0
8410,87,0
8411,134,0
8412,57,0
8413,149,0
8414,15,0
8415,111,0
8416,70,0
8417,25,0
8418,53,0
8419,120,0
8420,29,0
8421,60,0
8422,34,0
8423,35,0
8424,101,0
8425,45,0
8426,164,0
8427,32,1
8428,29,0
8429,60,0
8430,133,0
8431,28,0
8432,200,0
8433,11,0
8434,11,0
8435,125,0
8436,51,0
8437,10,0
8438,110,0
8439,31,0
8440,72,0
8441,7,0
8442,63,0
8443,124,1
8444,35,0
8445,13,0
8446,17,0
8447,24,0
8448,22,0
8449,11,0
8450,14,0
8451,23,0
8452,10,0
8453,78,0
8454,29,0
8455,15,0
8456,19,0
8457,102,0
8458,63,0
8459,137,0
8460,26,0
8461,25,0
8462,46,0
8463,23,0
8464,17,0
8465,15,0
8466,27,0
8467,75,0
8468,82,0
8469,33,0
8470,70,0
8471,73,0
8472,29,0
8473,27,0
8474,58,0
8475,200,0
8476,12,0
8477,200,0
8478,14,0
8479,89,0
8480,163,0
8481,128,0
8482,190,0
8483,81,0
8484,22,0
8485,11,0
8486,90,0
8487,28,0
8488,39,0
8489,26,0
8490,26,0
8491,59,0
8492,41,1
8493,29,0
8494,170,0
8495,73,0
8496,31,0
8497,121,0
8498,40,0
8499,70,1
8500,28,0
8501,200,0
8502,41,0
8503,14,0
8504,38,0
8505,56,0
8506,25,0
8507,36,0
8508,47,0
8509,158,0
8510,45,1
8511,53,0
8512,19,0
8513,51,0
8514,25,0
8515,200,0
8516,17,0
8517,89,0
8518,111,0
8519,36,0
8520,43,0
8521,9,0
8522,200,0
8523,31,0
8524,62,0
8525,200,0
8526,53,0
8527,24,0
8528,101,0
8529,48,0
8530,45,0
8531,18,0
8532,36,1
8533,30,0
8534,27,0
8535,60,0
8536,16,0
8537,152,0
8538,60,0
8539,29,0
8540,129,0
8541,68,0
8542,89,0
8543,151,1
8544,30,0
8545,110,0
8546,47,0
8547,20,0
8548,119,0
8549,200,0
8550,15,0
8551,65,0
8552,11,0
8553,134,0
8554,41,0
8555,55,0
8556,23,0
8557,24,0
8558,20,0
8559,21,0
8560,88,0
8561,133,0
8562,11,0
8563,14,0
8564,88,0
8565,30,0
8566,71,0
8567,16,0
8568,86,0
8569,46,0
8570,145,0
8571,28,0
8572,29,0
8573,26,0
8574,84,0
8575,15,0
8576,200,0
8577,20,0
8578,101,0
8579,200,0
8580,34,0
8581,34,0
8582,43,0
8583,42,0
8584,9,0
8585,95,0
8586,200,0
8587,11,0
8588,21,0
8589,20,0
8590,102,0
8591,113,1
8592,50,0
8593,110,0
8594,20,0
8595,93,0
8596,77,0
8597,61,0
8598,41,0
8599,41,0
8600,93,0
8601,200,0
8602,16,0
8603,34,0
8604,22,0
8605,162,0
8606,87,0
8607,96,0
8608,93,0
8609,17,0
8610,33,0
8611,116,0
8612,20,0
8613,23,0
8614,151,0
8615,57,0
8616,13,0
8617,37,0
8618,113,1
8619,8,0
8620,171,0
8621,109,0
8622,37,0
8623,118,0
8624,9,0
8625,59,0
8626,58,0
8627,11,0
8628,46,0
8629,28,0
8630,68,0
8631,98,0
8632,112,0
8633,99,0
8634,15,0
8635,101,0
8636,28,0
8637,36,0
8638,14,0
8639,200,0
8640,171,0
8641,21,0
8642,15,0
8643,22,0
8644,53,0
8645,8,0
8646,31,0
8647,200,0
8648,21,0
8649,27,0
8650,83,0
8651,88,0
8652,20,0
8653,94,0
8654,50,1
8655,71,0
8656,106,0
8657,11,0
8658,57,0
8659,27,0
8660,17,0
8661,28,0
8662,11,0
8663,14,0
8664,191,0
8665,18,0
8666,46,0
8667,94,0
8668,23,0
8669,200,0
8670,13,0
8671,9,0
8672,200,0
8673,9,0
8674,12,0
8675,193,0
8676,14,0
8677,116,0
8678,17,0
8679,84,0
8680,25,0
8681,121,0
8682,118,0
8683,192,0
8684,47,0
8685,37,0
8686,63,0
8687,24,0
8688,18,0
8689,74,1
8690,43,0
8691,200,0
8692,16,0
8693,23,0
8694,76,0
8695,193,0
8696,114,0
8697,37,0
8698,32,0
8699,55,0
8700,34,0
8701,25,0
8702,24,0
8703,145,0
8704,14,0
8705,60,0
8706,9,0
8707,8,0
8708,12,0
8709,18,0
8710,19,0
8711,116,0
8712,14,0
8713,11,0
8714,41,0
8715,9,0
8716,73,0
8717,200,0
8718,75,0
8719,27,0
8720,83,0
8721,8,0
8722,36,0
8723,95,0
8724,56,0
8725,146,0
8726,62,0
8727,8,0
8728,123,0
8729,153,0
8730,55,0
8731,15,0
8732,19,0
8733,86,0
8734,147,0
8735,19,0
8736,73,1
8737,47,0
8738,27,1
8739,56,0
8740,41,0
8741,74,0
8742,38,0
8743,163,0
8744,24,0
8745,52,0
8746,51,1
8747,96,0
8748,123,0
8749,200,0
8750,33,0
8751,47,0
8752,46,0
8753,51,0
8754,32,0
8755,181,0
8756,7,0
8757,151,0
8758,20,0
8759,18,0
8760,144,0
8761,104,0
8762,81,0
8763,68,0
8764,14,0
8765,43,0
8766,71,0
8767,46,0
8768,37,0
8769,39,0
8770,22,0
8771,200,0
8772,123,0
8773,61,0
8774,111,0
8775,11,0
8776,55,0
8777,11,0
8778,50,0
8779,136,0
8780,38,0
8781,66,0
8782,56,0
8783,116,0
8784,31,0
8785,12,0
8786,83,0
8787,200,0
8788,15,0
8789,101,0
8790,196,0
8791,13,0
8792,43,0
8793,111,0
8794,41,0
8795,47,0
8796,12,0
8797,26,0
8798,13,0
8799,15,0
8800,32,0
8801,200,0
8802,167,0
8803,58,0
8804,20,0
8805,54,0
8806,37,0
8807,14,0
8808,131,0
8809,77,0
8810,61,0
8811,14,0
8812,129,0
8813,31,0
8814,22,0
8815,30,0
8816,35,0
8817,154,0
8818,52,0
8819,48,0
8820,12,0
8821,52,0
8822,111,0
8823,43,0
8824,107,0
8825,115,0
8826,86,0
8827,15,0
8828,44,0
8829,34,0
8830,54,0
8831,61,0
8832,89,0
8833,177,0
8834,132,0
8835,9,0
8836,40,0
8837,106,0
8838,25,0
8839,71,0
8840,78,0
8841,70,0
8842,31,0
8843,29,0
8844,97,0
8845,26,0
8846,87,0
8847,143,0
8848,10,0
8849,40,0
8850,200,0
8851,15,0
8852,157,0
8853,17,0
8854,11,0
8855,32,0
8856,100,0
8857,21,0
8858,58,0
8859,22,0
8860,79,1
8861,177,0
8862,45,0
8863,32,0
8864,102,0
8865,24,0
8866,118,0
8867,55,0
8868,64,0
8869,10,0
8870,119,0
8871,86,0
8872,23,0
8873,28,0
8874,12,0
8875,23,0
8876,69,0
8877,39,0
8878,74,0
8879,25,0
8880,14,0
8881,49,0
8882,41,0
8883,12,0
8884,28,0
8885,16,0
8886,58,0
8887,41,0
8888,28,0
8889,117,0
8890,59,0
8891,22,0
8892,15,0
8893,24,0
8894,30,0
8895,132,0
8896,161,0
8897,10,0
8898,19,0
8899,103,0
8900,44,0
8901,82,0
8902,160,0
8903,133,0
8904,17,0
8905,173,0
8906,7,0
8907,29,0
8908,102,0
8909,43,0
8910,55,0
8911,109,0
8912,83,1
8913,77,0
8914,68,0
8915,117,0
8916,33,0
8917,7,0
8918,37,0
8919,200,0
8920,12,0
8921,91,0
8922,20,0
8923,97,0
8924,21,0
8925,161,0
8926,27,0
8927,200,0
8928,80,0
8929,101,0
8930,32,0
8931,64,0
8932,26,0
8933,26,0
8934,55,0
8935,32,0
8936,145,0
8937,17,0
8938,18,0
8939,10,0
8940,46,0
8941,32,0
8942,71,0
8943,11,0
8944,138,0
8945,181,0
8946,36,0
8947,21,0
8948,33,0
8949,68,0
8950,130,0
8951,50,0
8952,78,0
8953,109,0
8954,66,0
8955,9,0
8956,32,0
8957,190,0
8958,64,0
8959,57,0
8960,62,0
8961,13,0
8962,22,0
8963,35,0
8964,64,0
8965,141,1
8966,27,0
8967,115,0
8968,144,0
8969,19,0
8970,65,0
8971,200,0
8972,14,0
8973,54,0
8974,101,0
8975,82,0
8976,13,0
8977,88,0
8978,13,0
8979,27,0
8980,7,0
8981,138,0
8982,38,0
8983,31,0
8984,42,0
8985,46,0
8986,84,0
8987,19,0
8988,58,0
8989,200,0
8990,11,0
8991,26,0
8992,70,0
8993,25,0
8994,16,0
8995,20,0
8996,46,0
8997,23,0
8998,55,0
8999,56,0
9000,47,0
9001,173,0
9002,63,0
9003,36,0
9004,47,0
9005,75,0
9006,29,0
9007,95,0
9008,59,0
9009,79,0
9010,112,0
9011,45,0
9012,135,0
9013,48,1
9014,46,0
9015,15,0
9016,200,0
9017,31,0
9018,30,0
9019,20,0
9020,64,0
9021,200,0
9022,182,0
9023,9,0
9024,45,0
9025,54,0
9026,46,0
9027,119,0
9028,194,0
9029,80,0
9030,96,1
9031,54,0
9032,30,0
9033,107,0
9034,42,0
9035,74,0
9036,25,0
9037,29,0
9038,138,0
9039,29,0
9040,38,0
9041,14,0
9042,34,0
9043,68,0
9044,18,0
9045,200,0
9046,39,0
9047,26,0
9048,74,0
9049,49,0
9050,45,0
9051,119,0
9052,61,0
9053,10,0
9054,14,0
9055,134,0
9056,78,0
9057,85,1
9058,71,0
9059,18,0
9060,29,0
9061,34,0
9062,124,0
9063,110,0
9064,36,0
9065,58,0
9066,48,0
9067,104,0
9068,62,0
9069,28,0
9070,35,0
9071,77,0
9072,21,0
9073,94,0
9074,170,0
9075,77,0
9076,110,0
9077,76,0
9078,73,0
9079,49,0
9080,21,0
9081,41,0
9082,34,0
9083,34,0
9084,81,0
9085,37,0
9086,89,0
9087,54,0
9088,89,0
9089,15,0
9090,15,0
9091,155,0
9092,40,0
9093,24,0
9094,72,0
9095,59,0
9096,13,0
9097,51,0
9098,24,0
9099,31,0
9100,22,0
9101,16,0
9102,42,0
9103,27,0
9104,62,0
9105,17,0
9106,46,0
9107,40,0
9108,137,0
9109,200,0
9110,57,0
9111,84,0
9112,26,0
9113,33,0
9114,25,0
9115,24,1
9116,116,0
9117,17,0
9118,29,0
9119,15,0
9120,10,0
9121,14,0
9122,160,0
9123,27,0
9124,69,0
9125,138,0
9126,78,0
9127,31,0
9128,118,0
9129,20,0
9130,71,0
9131,200,0
9132,47,0
9133,19,0
9134,11,0
9135,18,0
9136,86,0
9137,70,0
9138,14,0
9139,80,0
9140,49,1
9141,48,0
9142,8,0
9143,200,0
9144,158,0
9145,69,0
9146,133,0
9147,15,0
9148,15,0
9149,45,0
9150,19,0
9151,10,0
9152,19,0
9153,99,0
9154,99,0
9155,7,0
9156,21,0
9157,200,0
9158,188,0
9159,102,0
9160,59,0
9161,72,0
9162,27,0
9163,29,0
9164,55,1
9165,37,0
9166,142,0
9167,52,0
9168,44,0
9169,53,0
9170,136,0
9171,20,0
9172,60,0
9173,73,0
9174,194,0
9175,89,0
9176,67,0
9177,95,0
9178,32,0
9179,200,0
9180,14,0
9181,101,0
9182,23,0
9183,49,0
9184,20,0
9185,26,0
9186,134,0
9187,23,0
9188,21,0
9189,32,0
9190,9,0
9191,95,0
9192,14,0
9193,107,0
9194,11,0
9195,109,0
9196,15,0
9197,86,0
9198,24,1
9199,21,0
9200,13,0
9201,98,1
9202,14,0
9203,37,0
9204,12,0
9205,48,0
9206,103,0
9207,41,0
9208,34,0
9209,101,1
9210,99,1
9211,63,0
9212,26,0
9213,17,0
9214,200,0
9215,19,0
9216,24,0
9217,44,0
9218,176,0
9219,200,0
9220,116,0
9221,30,0
9222,180,0
9223,77,0
9224,26,0
9225,40,0
9226,16,0
9227,200,0
9228,31,0
9229,20,0
9230,80,0
9231,12,0
9232,39,0
9233,34,0
9234,50,1
9235,145,0
9236,66,0
9237,145,0
9238,36,0
9239,14,0
9240,53,0
9241,76,0
9242,100,0
9243,54,0
9244,28,0
9245,66,0
9246,22,0
9247,83,0
9248,19,0
9249,23,0
9250,13,0
9251,53,0
9252,41,0
9253,63,0
9254,56,1
9255,52,0
9256,104,0
9257,124,0
9258,104,0
9259,58,0
9260,19,0
9261,90,0
9262,17,0
9263,23,0
9264,36,0
9265,43,0
9266,17,0
9267,33,0
9268,55,0
9269,19,0
9270,106,0
9271,111,0
9272,66,0
9273,85,0
9274,34,0
9275,26,0
9276,140,0
9277,74,0
9278,15,0
9279,175,1
9280,82,0
9281,21,0
9282,70,0
9283,50,0
9284,9,0
9285,56,0
9286,27,0
9287,162,0
9288,30,0
9289,17,0
9290,162,0
9291,166,0
9292,32,0
9293,35,0
9294,77,0
9295,57,0
9296,23,1
9297,52,0
9298,103,0
9299,17,0
9300,88,0
9301,87,0
9302,21,0
9303,200,0
9304,18,0
9305,182,0
9306,11,0
9307,43,0
9308,32,0
9309,13,0
9310,18,0
9311,140,0
9312,90,0
9313,38,0
9314,37,1
9315,28,0
9316,200,0
9317,65,0
9318,65,1
9319,79,0
9320,30,0
9321,19,0
9322,171,0
9323,18,0
9324,80,0
9325,16,0
9326,102,0
9327,48,1
9328,71,0
9329,20,0
9330,39,0
9331,17,0
9332,16,0
9333,13,0
9334,24,0
9335,36,0
9336,54,0
9337,9,0
9338,42,0
9339,22,0
9340,12,0
9341,35,0
9342,73,0
9343,7,0
9344,52,0
9345,21,0
9346,31,0
9347,63,0
9348,12,0
9349,15,0
9350,23,0
9351,90,0
9352,44,0
9353,73,0
9354,48,0
9355,30,1
9356,74,0
9357,37,0
9358,12,0
9359,18,0
9360,48,0
9361,39,0
9362,107,0
9363,68,0
9364,77,0
9365,50,0
9366,43,0
9367,93,0
9368,73,0
9369,35,0
9370,51,0
9371,9,0
9372,84,0
9373,106,0
9374,57,0
9375,200,0
9376,36,0
9377,41,0
9378,78,0
9379,198,0
9380,28,0
9381,76,0
9382,110,0
9383,84,0
9384,15,0
9385,21,0
9386,200,0
9387,32,0
9388,30,0
9389,169,0
9390,79,0
9391,20,0
9392,46,0
9393,89,0
9394,89,0
9395,90,0
9396,61,0
9397,61,0
9398,38,0
9399,92,0
9400,19,0
9401,45,0
9402,200,0
9403,24,0
9404,87,0
9405,112,0
9406,26,0
9407,89,0
9408,71,0
9409,69,0
9410,39,0
9411,12,0
9412,33,0
9413,51,0
9414,200,0
9415,16,0
9416,48,0
9417,94,0
9418,65,0
9419,71,0
9420,131,0
9421,38,0
9422,94,0
9423,38,0
9424,200,0
9425,200,0
9426,45,0
9427,52,1
9428,15,0
9429,172,0
9430,39,0
9431,200,0
9432,68,0
9433,164,0
9434,142,0
9435,13,0
9436,76,0
9437,18,0
9438,32,0
9439,95,0
9440,15,0
9441,136,0
9442,31,0
9443,33,0
9444,142,0
9445,184,0
9446,103,0
9447,24,0
9448,23,0
9449,39,0
9450,14,0
9451,122,0
9452,40,0
9453,39,0
9454,37,0
9455,23,0
9456,47,0
9457,79,0
9458,44,0
9459,44,0
9460,78,0
9461,136,0
9462,30,0
9463,76,0
9464,12,0
9465,15,0
9466,120,0
9467,143,0
9468,200,0
9469,118,0
9470,63,0
9471,11,0
9472,15,0
9473,120,0
9474,16,0
9475,22,0
9476,125,0
9477,13,0
9478,13,0
9479,18,0
9480,49,0
9481,23,0
9482,56,0
9483,37,0
9484,14,0
9485,30,0
9486,18,0
9487,45,0
9488,87,0
9489,36,0
9490,54,1
9491,34,0
9492,70,0
9493,18,0
9494,108,0
9495,9,0
9496,10,0
9497,157,0
9498,56,0
9499,40,0
9500,21,0
9501,154,1
9502,92,1
9503,73,0
9504,56,0
9505,68,0
9506,77,0
9507,17,0
9508,31,0
9509,118,0
9510,30,0
9511,12,0
9512,29,0
9513,33,0
9514,32,0
9515,184,0
9516,19,0
9517,20,0
9518,51,0
9519,25,0
9520,17,0
9521,15,0
9522,63,0
9523,10,0
9524,42,0
9525,22,0
9526,39,0
9527,75,0
9528,37,0
9529,33,0
9530,88,0
9531,28,0
9532,23,0
9533,26,0
9534,81,0
9535,32,0
9536,9,0
9537,161,0
9538,14,0
9539,13,0
9540,52,0
9541,26,0
9542,69,0
9543,64,0
9544,103,0
9545,113,0
9546,200,0
9547,139,0
9548,74,0
9549,167,0
9550,53,0
9551,160,0
9552,19,0
9553,109,0
9554,155,0
9555,125,0
9556,58,0
9557,34,0
9558,9,0
9559,43,0
9560,92,0
9561,43,0
9562,40,0
9563,27,0
9564,12,0
9565,36,0
9566,66,0
9567,45,0
9568,19,0
9569,29,0
9570,187,0
9571,106,0
9572,27,0
9573,103,0
9574,103,0
9575,74,0
9576,13,0
9577,102,0
9578,14,0
9579,103,0
9580,105,0
9581,38,0
9582,36,0
9583,32,0
9584,30,0
9585,127,0
9586,12,0
9587,55,0
9588,26,0
9589,68,0
9590,9,0
9591,47,0
9592,54,0
9593,143,0
9594,166,0
9595,86,0
9596,49,0
9597,180,0
9598,200,0
9599,68,0
9600,25,0
9601,200,0
9602,57,0
9603,31,0
9604,17,0
9605,56,0
9606,30,0
9607,93,0
9608,15,0
9609,139,0
9610,25,0
9611,65,0
9612,46,1
9613,88,0
9614,107,0
9615,15,0
9616,200,0
9617,20,0
9618,56,0
9619,31,0
9620,49,0
9621,51,0
9622,34,0
9623,11,0
9624,7,0
9625,19,0
9626,21,0
9627,28,0
9628,55,0
9629,90,0
9630,17,0
9631,35,0
9632,56,0
9633,11,0
9634,31,0
9635,47,0
9636,99,0
9637,64,0
9638,134,0
9639,78,0
9640,37,0
9641,25,0
9642,80,0
9643,200,0
9644,33,0
9645,16,0
9646,24,0
9647,26,0
9648,22,0
9649,78,0
9650,59,0
9651,17,0
9652,11,0
9653,48,0
9654,12,0
9655,52,0
9656,167,0
9657,32,0
9658,17,0
9659,149,1
9660,12,0
9661,18,0
9662,20,0
9663,7,0
9664,99,1
9665,69,0
9666,27,0
9667,15,0
9668,60,0
9669,7,0
9670,82,0
9671,87,0
9672,21,0
9673,140,0
9674,91,0
9675,110,0
9676,29,0
9677,42,0
9678,21,0
9679,29,0
9680,43,0
9681,44,0
9682,11,0
9683,19,0
9684,18,0
9685,26,0
9686,63,0
9687,54,0
9688,48,0
9689,148,0
9690,41,0
9691,119,0
9692,20,0
9693,16,0
9694,31,0
9695,20,0
9696,114,0
9697,60,0
9698,54,0
9699,81,0
9700,30,0
9701,108,0
9702,200,0
9703,17,0
9704,69,0
9705,124,0
9706,57,0
9707,49,0
9708,153,0
9709,39,0
9710,10,0
9711,16,0
9712,13,0
9713,142,0
9714,200,0
9715,127,0
9716,12,0
9717,200,0
9718,77,0
9719,24,0
9720,26,0
9721,40,0
9722,38,0
9723,45,0
9724,42,0
9725,95,0
9726,38,0
9727,47,0
9728,19,0
9729,31,0
9730,49,0
9731,34,0
9732,18,0
9733,69,0
9734,103,0
9735,116,0
9736,200,0
9737,28,0
9738,64,0
9739,125,0
9740,17,0
9741,70,0
9742,150,0
9743,82,0
9744,21,0
9745,51,0
9746,28,0
9747,31,0
9748,15,0
9749,85,0
9750,19,0
9751,58,0
9752,44,0
9753,32,0
9754,186,0
9755,148,0
9756,45,0
9757,58,0
9758,44,0
9759,36,0
9760,83,0
9761,24,0
9762,107,0
9763,200,0
9764,56,0
9765,16,0
9766,56,0
9767,32,0
9768,18,0
9769,89,0
9770,26,0
9771,94,0
9772,100,1
9773,82,0
9774,15,0
9775,176,0
9776,21,0
9777,200,0
9778,22,0
9779,41,0
9780,77,0
9781,106,0
9782,43,0
9783,155,0
9784,17,0
9785,61,0
9786,97,0
9787,51,0
9788,106,0
9789,26,0
9790,49,0
9791,32,0
9792,20,0
9793,76,0
9794,48,0
9795,37,0
9796,173,0
9797,11,0
9798,50,0
9799,38,0
9800,54,0
9801,200,0
9802,20,0
9803,50,0
9804,21,0
9805,34,0
9806,77,0
9807,75,0
9808,17,0
9809,42,0
9810,46,0
9811,81,0
9812,33,0
9813,46,0
9814,44,0
9815,42,0
9816,31,0
9817,101,0
9818,10,0
9819,200,0
9820,32,0
9821,148,0
9822,13,0
9823,41,0
9824,12,0
9825,66,0
9826,10,0
9827,186,0
9828,54,0
9829,36,0
9830,31,0
9831,31,0
9832,200,0
9833,164,0
9834,64,0
9835,22,0
9836,40,0
9837,111,0
9838,200,0
9839,40,0
9840,17,0
9841,32,0
9842,136,0
9843,23,0
9844,58,0
9845,101,0
9846,28,0
9847,12,0
9848,19,0
9849,20,0
9850,112,0
9851,10,0
9852,33,0
9853,57,0
9854,80,0
9855,9,0
9856,11,0
9857,77,0
9858,61,0
9859,91,0
9860,98,0
9861,62,0
9862,200,0
9863,72,0
9864,147,0
9865,16,0
9866,23,0
9867,132,0
9868,7,0
9869,72,0
9870,66,0
9871,24,0
9872,39,0
9873,11,0
9874,8,0
9875,42,0
9876,179,0
9877,11,0
9878,9,0
9879,72,0
9880,28,0
9881,16,0
9882,62,1
9883,53,0
9884,35,0
9885,46,0
9886,162,0
9887,39,0
9888,78,0
9889,93,0
9890,59,0
9891,18,0
9892,78,0
9893,24,0
9894,32,0
9895,154,0
9896,9,0
9897,200,0
9898,42,0
9899,77,0
9900,149,0
9901,176,0
9902,22,0
9903,31,0
9904,83,0
9905,138,0
9906,33,0
9907,74,0
9908,32,0
9909,16,0
9910,9,0
9911,9,0
9912,29,0
9913,27,0
9914,13,0
9915,103,0
9916,200,0
9917,87,0
9918,35,0
9919,28,0
9920,77,0
9921,12,0
9922,64,0
9923,37,0
9924,24,0
9925,37,0
9926,20,0
9927,24,0
9928,20,0
9929,14,0
9930,28,0
9931,32,0
9932,35,0
9933,32,0
9934,12,0
9935,63,0
9936,171,0
9937,14,0
9938,23,0
9939,43,0
9940,155,0
9941,84,0
9942,10,0
9943,58,0
9944,102,0
9945,15,0
9946,32,0
9947,81,0
9948,88,0
9949,25,0
9950,18,0
9951,10,0
9952,15,0
9953,81,0
9954,11,0
9955,110,0
9956,15,0
9957,171,0
9958,44,0
9959,84,0
9960,63,0
9961,200,0
9962,120,0
9963,123,0
9964,38,0
9965,50,0
9966,34,0
9967,17,0
9968,8,0
9969,16,0
9970,61,0
9971,67,0
9972,63,0
9973,58,0
9974,11,0
9975,32,0
9976,143,0
9977,134,0
9978,111,0
9979,12,0
9980,37,0
9981,49,0
9982,46,0
9983,134,0
9984,36,0
9985,67,0
9986,50,0
9987,62,0
9988,20,0
9989,47,0
9990,13,0
9991,15,0
9992,32,0
9993,40,0
9994,60,0
9995,97,0
9996,7,0
9997,62,0
9998,14,0
9999,100,0
