episode,steps,reward
0,29,0
1,127,0
2,35,0
3,15,0
4,50,0
5,68,0
6,23,0
7,10,0
8,46,0
9,23,0
10,10,0
11,9,0
12,8,0
13,8,0
14,8,0
15,70,0
16,8,0
17,13,0
18,49,0
19,9,0
20,16,0
21,20,0
22,7,0
23,36,0
24,43,1
25,27,0
26,9,0
27,35,0
28,35,0
29,5,0
30,7,0
31,7,0
32,34,0
33,22,0
34,18,0
35,9,0
36,28,0
37,64,0
38,18,0
39,50,0
40,32,0
41,11,0
42,17,0
43,20,0
44,41,0
45,12,0
46,116,0
47,36,0
48,19,0
49,12,0
50,11,0
51,10,0
52,15,0
53,25,0
54,25,0
55,59,1
56,23,0
57,51,0
58,36,0
59,24,0
60,20,0
61,18,0
62,19,0
63,25,0
64,52,0
65,28,0
66,11,0
67,12,0
68,21,0
69,17,0
70,13,0
71,24,0
72,35,0
73,24,0
74,24,0
75,8,0
76,28,0
77,25,0
78,14,0
79,15,0
80,13,0
81,17,0
82,10,0
83,17,0
84,10,0
85,23,0
86,23,0
87,30,0
88,13,0
89,16,0
90,10,0
91,9,0
92,62,0
93,30,0
94,22,0
95,33,0
96,23,0
97,44,0
98,15,0
99,13,0
100,46,0
101,51,0
102,12,0
103,58,0
104,22,0
105,129,0
106,14,0
107,18,0
108,30,0
109,14,0
110,10,0
111,26,0
112,31,0
113,28,0
114,76,0
115,69,0
116,34,0
117,46,0
118,65,0
119,24,0
120,23,0
121,200,0
122,20,0
123,41,0
124,97,0
125,47,0
126,20,0
127,36,0
128,13,0
129,55,0
130,38,0
131,33,0
132,23,0
133,31,0
134,71,0
135,14,0
136,27,1
137,38,0
138,13,0
139,33,0
140,37,0
141,35,0
142,29,0
143,29,0
144,19,0
145,49,0
146,41,0
147,72,0
148,50,0
149,21,0
150,49,0
151,49,0
152,33,0
153,29,0
154,46,0
155,12,0
156,55,0
157,33,0
158,7,0
159,70,0
160,50,0
161,114,0
162,55,0
163,51,0
164,10,0
165,23,0
166,44,0
167,30,0
168,48,0
169,31,0
170,37,0
171,27,0
172,28,0
173,97,0
174,11,0
175,35,0
176,40,0
177,26,0
178,45,0
179,54,0
180,17,0
181,60,0
182,45,0
183,13,0
184,46,0
185,38,0
186,39,1
187,46,0
188,27,0
189,24,0
190,9,0
191,64,0
192,21,0
193,102,0
194,91,0
195,27,0
196,14,0
197,37,0
198,36,0
199,63,0
200,72,0
201,17,0
202,37,0
203,21,0
204,55,0
205,55,0
206,57,0
207,33,0
208,46,0
209,17,0
210,52,0
211,39,0
212,56,0
213,72,0
214,15,0
215,77,0
216,24,0
217,148,0
218,50,0
219,30,0
220,54,0
221,25,0
222,51,0
223,34,0
224,41,0
225,22,0
226,56,1
227,93,0
228,59,0
229,28,1
230,40,0
231,68,0
232,54,0
233,56,0
234,43,1
235,19,0
236,51,1
237,26,0
238,90,0
239,54,1
240,18,0
241,14,0
242,34,0
243,25,0
244,61,1
245,36,0
246,53,0
247,54,0
248,53,0
249,50,0
250,31,0
251,58,0
252,18,0
253,25,0
254,53,0
255,99,0
256,62,0
257,22,0
258,52,0
259,54,0
260,48,1
261,21,0
262,100,0
263,130,0
264,38,0
265,49,0
266,87,0
267,31,0
268,40,0
269,51,0
270,34,0
271,11,0
272,41,0
273,91,0
274,48,0
275,46,0
276,55,0
277,18,0
278,24,0
279,110,0
280,36,0
281,12,0
282,14,0
283,53,0
284,129,0
285,24,0
286,127,0
287,11,0
288,23,0
289,17,0
290,52,0
291,41,0
292,81,0
293,71,0
294,17,0
295,34,0
296,28,0
297,27,0
298,106,0
299,105,0
300,144,0
301,15,0
302,52,0
303,141,0
304,34,0
305,9,0
306,93,0
307,54,0
308,16,0
309,67,0
310,200,0
311,94,0
312,101,0
313,43,0
314,126,0
315,27,0
316,19,0
317,67,0
318,111,0
319,191,0
320,60,0
321,108,0
322,49,0
323,18,0
324,72,0
325,57,0
326,40,0
327,28,0
328,35,0
329,20,0
330,87,0
331,79,0
332,85,0
333,115,0
334,26,0
335,145,0
336,28,0
337,62,1
338,29,0
339,64,0
340,90,0
341,94,0
342,66,0
343,42,0
344,54,1
345,49,1
346,17,0
347,29,0
348,62,0
349,25,0
350,61,0
351,30,0
352,82,0
353,79,1
354,13,0
355,55,1
356,79,0
357,34,0
358,31,0
359,49,1
360,55,1
361,35,1
362,58,0
363,68,1
364,81,1
365,8,0
366,46,1
367,44,1
368,39,0
369,41,0
370,56,1
371,27,0
372,15,0
373,24,0
374,47,0
375,17,0
376,11,0
377,31,0
378,59,0
379,84,1
380,40,1
381,46,0
382,30,0
383,46,1
384,19,0
385,14,0
386,52,1
387,61,0
388,115,1
389,25,1
390,13,0
391,30,0
392,69,1
393,37,0
394,62,0
395,48,0
396,25,0
397,45,1
398,37,0
399,65,1
400,63,0
401,71,0
402,112,1
403,71,0
404,53,0
405,27,0
406,15,0
407,48,1
408,45,0
409,11,0
410,28,0
411,66,0
412,11,0
413,68,0
414,32,0
415,47,1
416,66,0
417,28,0
418,74,0
419,14,0
420,34,0
421,45,0
422,22,0
423,10,0
424,24,0
425,66,0
426,102,0
427,79,0
428,52,1
429,28,1
430,39,0
431,30,1
432,15,0
433,200,0
434,16,0
435,103,0
436,45,1
437,21,1
438,42,0
439,25,0
440,192,1
441,88,0
442,24,1
443,62,0
444,42,0
445,88,0
446,65,0
447,62,1
448,30,1
449,66,1
450,58,1
451,53,0
452,33,0
453,37,1
454,59,1
455,75,0
456,75,1
457,37,1
458,52,0
459,101,0
460,30,0
461,29,0
462,22,0
463,187,0
464,125,1
465,52,0
466,29,0
467,60,1
468,41,0
469,12,0
470,81,1
471,39,0
472,36,1
473,45,1
474,69,0
475,42,1
476,34,1
477,53,1
478,94,1
479,61,1
480,44,0
481,18,0
482,32,0
483,107,0
484,200,0
485,28,0
486,128,1
487,107,0
488,114,1
489,85,1
490,28,0
491,82,0
492,9,0
493,75,1
494,10,0
495,123,1
496,18,0
497,154,1
498,129,1
499,47,1
500,60,0
501,31,1
502,123,1
503,57,0
504,39,0
505,62,0
506,52,1
507,44,1
508,47,0
509,29,1
510,29,0
511,76,0
512,51,0
513,79,1
514,42,0
515,66,0
516,89,1
517,60,0
518,43,0
519,41,0
520,34,0
521,58,0
522,50,1
523,59,1
524,57,0
525,17,0
526,75,1
527,124,1
528,31,0
529,53,1
530,100,1
531,79,1
532,22,0
533,15,0
534,55,1
535,141,0
536,62,1
537,87,0
538,59,1
539,47,0
540,32,0
541,9,0
542,55,0
543,18,0
544,9,0
545,161,1
546,61,0
547,107,1
548,82,0
549,37,0
550,59,1
551,35,1
552,80,1
553,22,0
554,17,0
555,59,1
556,43,1
557,143,0
558,78,0
559,53,1
560,36,1
561,50,0
562,119,0
563,22,0
564,24,0
565,27,0
566,67,0
567,51,0
568,21,0
569,74,0
570,43,0
571,49,0
572,72,0
573,14,0
574,68,0
575,45,1
576,65,0
577,57,0
578,61,0
579,57,0
580,31,0
581,45,1
582,48,1
583,9,0
584,58,1
585,28,1
586,57,0
587,31,0
588,49,0
589,22,0
590,78,0
591,69,0
592,51,0
593,76,1
594,63,1
595,45,0
596,95,1
597,23,0
598,86,1
599,200,0
600,66,0
601,33,1
602,34,0
603,41,1
604,31,0
605,166,0
606,33,1
607,116,1
608,55,1
609,150,1
610,35,1
611,68,0
612,77,1
613,52,1
614,63,0
615,52,1
616,14,0
617,42,0
618,42,0
619,99,1
620,68,1
621,31,0
622,84,0
623,64,0
624,163,1
625,20,0
626,65,1
627,38,0
628,46,1
629,33,1
630,31,0
631,59,0
632,32,0
633,38,1
634,54,1
635,115,0
636,63,1
637,24,0
638,27,1
639,21,0
640,128,1
641,46,0
642,36,1
643,41,1
644,78,1
645,112,0
646,43,1
647,48,0
648,44,0
649,49,0
650,40,0
651,33,0
652,20,1
653,14,0
654,70,1
655,69,0
656,45,0
657,48,1
658,37,1
659,83,0
660,83,1
661,42,0
662,85,0
663,23,0
664,23,0
665,36,0
666,73,1
667,94,1
668,59,0
669,40,0
670,74,0
671,55,0
672,81,0
673,12,0
674,39,1
675,44,1
676,45,1
677,96,1
678,83,1
679,88,1
680,88,1
681,23,0
682,69,0
683,48,0
684,91,1
685,9,0
686,112,1
687,47,1
688,27,1
689,43,0
690,34,0
691,15,0
692,40,1
693,97,0
694,24,0
695,64,0
696,42,0
697,80,1
698,39,0
699,9,0
700,67,1
701,24,0
702,74,0
703,9,0
704,51,0
705,19,0
706,55,1
707,77,1
708,130,1
709,29,0
710,67,0
711,56,1
712,61,0
713,48,0
714,33,0
715,90,1
716,26,1
717,68,0
718,30,0
719,16,0
720,37,0
721,53,1
722,21,0
723,94,0
724,13,0
725,51,0
726,57,1
727,31,1
728,42,0
729,75,1
730,13,0
731,68,1
732,46,1
733,68,0
734,56,0
735,125,1
736,39,0
737,29,0
738,86,1
739,100,0
740,32,0
741,50,1
742,27,0
743,12,0
744,154,1
745,29,0
746,49,0
747,48,0
748,167,0
749,9,0
750,87,1
751,12,0
752,12,0
753,63,0
754,47,0
755,74,0
756,59,1
757,17,0
758,97,1
759,60,1
760,48,1
761,63,0
762,60,1
763,93,1
764,93,0
765,43,0
766,21,0
767,21,0
768,51,1
769,19,0
770,50,0
771,25,1
772,116,1
773,89,0
774,48,1
775,94,0
776,46,0
777,28,0
778,33,1
779,8,0
780,101,0
781,56,1
782,81,1
783,61,1
784,109,0
785,55,1
786,100,0
787,29,0
788,46,0
789,32,1
790,38,1
791,116,1
792,50,0
793,41,1
794,50,1
795,38,0
796,45,1
797,78,0
798,109,1
799,68,1
800,13,0
801,46,1
802,53,0
803,46,1
804,56,1
805,43,1
806,17,1
807,81,1
808,76,0
809,179,1
810,32,0
811,101,1
812,26,0
813,47,0
814,97,0
815,62,1
816,61,0
817,45,1
818,50,0
819,27,0
820,100,0
821,59,1
822,103,1
823,47,0
824,119,1
825,58,0
826,82,1
827,37,0
828,62,1
829,47,0
830,105,0
831,53,0
832,75,0
833,68,1
834,59,1
835,32,1
836,103,1
837,26,0
838,147,1
839,87,1
840,115,0
841,36,1
842,95,0
843,70,1
844,31,0
845,60,1
846,31,0
847,111,0
848,16,0
849,96,0
850,7,0
851,61,1
852,35,1
853,52,1
854,57,0
855,80,1
856,44,1
857,57,0
858,50,1
859,73,0
860,34,1
861,45,0
862,120,0
863,59,0
864,18,0
865,24,0
866,43,1
867,96,0
868,104,1
869,99,0
870,78,1
871,8,0
872,48,0
873,17,0
874,17,0
875,41,1
876,159,0
877,23,1
878,29,1
879,9,0
880,31,0
881,97,0
882,49,1
883,39,1
884,86,1
885,57,0
886,112,1
887,66,0
888,86,0
889,56,1
890,98,0
891,31,0
892,60,0
893,105,1
894,123,1
895,44,0
896,85,1
897,198,1
898,40,0
899,35,0
900,173,1
901,131,0
902,65,0
903,127,0
904,105,1
905,29,1
906,113,0
907,69,0
908,16,0
909,47,1
910,72,1
911,66,1
912,70,1
913,76,1
914,121,0
915,36,1
916,34,0
917,89,1
918,122,1
919,57,0
920,15,0
921,120,0
922,117,1
923,78,1
924,56,1
925,73,1
926,76,0
927,73,1
928,29,0
929,42,1
930,56,1
931,71,0
932,77,0
933,120,0
934,90,0
935,32,1
936,46,1
937,57,0
938,15,0
939,27,0
940,52,0
941,11,0
942,42,1
943,79,1
944,105,0
945,188,0
946,80,0
947,39,1
948,184,0
949,45,1
950,151,1
951,40,0
952,142,1
953,59,1
954,77,0
955,51,1
956,39,0
957,55,0
958,31,0
959,200,1
960,31,0
961,64,0
962,103,0
963,27,1
964,60,0
965,59,0
966,53,1
967,48,0
968,46,1
969,45,1
970,51,1
971,65,0
972,87,0
973,79,1
974,44,0
975,29,1
976,33,0
977,52,0
978,54,1
979,28,0
980,93,0
981,73,1
982,27,1
983,192,1
984,74,1
985,76,1
986,90,1
987,93,0
988,123,1
989,35,1
990,50,0
991,82,0
992,64,0
993,46,0
994,49,1
995,71,0
996,45,1
997,26,0
998,52,0
999,42,0
1000,46,1
1001,59,0
1002,107,1
1003,89,1
1004,157,0
1005,64,1
1006,10,0
1007,18,0
1008,41,0
1009,39,1
1010,47,1
1011,83,1
1012,32,1
1013,77,1
1014,65,1
1015,72,0
1016,53,0
1017,17,0
1018,61,1
1019,61,0
1020,52,0
1021,81,1
1022,34,1
1023,69,1
1024,12,0
1025,95,1
1026,30,0
1027,110,0
1028,99,0
1029,50,0
1030,33,0
1031,119,0
1032,34,0
1033,31,0
1034,23,0
1035,45,1
1036,135,1
1037,67,1
1038,29,1
1039,67,1
1040,18,0
1041,41,0
1042,72,1
1043,26,1
1044,47,1
1045,41,0
1046,29,1
1047,42,1
1048,31,0
1049,35,0
1050,60,1
1051,68,0
1052,43,1
1053,25,1
1054,63,1
1055,32,1
1056,36,0
1057,65,1
1058,110,0
1059,52,1
1060,43,1
1061,62,0
1062,9,0
1063,16,0
1064,45,1
1065,44,1
1066,21,0
1067,63,0
1068,40,1
1069,63,1
1070,20,0
1071,139,0
1072,152,1
1073,36,0
1074,29,0
1075,22,0
1076,109,0
1077,108,0
1078,64,0
1079,37,0
1080,60,1
1081,17,0
1082,24,0
1083,38,1
1084,50,0
1085,29,0
1086,50,0
1087,27,1
1088,27,0
1089,59,1
1090,27,1
1091,24,0
1092,91,0
1093,44,1
1094,51,0
1095,84,1
1096,64,0
1097,59,0
1098,62,0
1099,71,0
1100,77,0
1101,33,1
1102,73,1
1103,28,0
1104,82,1
1105,38,0
1106,143,0
1107,46,1
1108,99,1
1109,200,0
1110,37,0
1111,56,1
1112,68,0
1113,66,0
1114,24,0
1115,48,0
1116,35,1
1117,34,0
1118,86,1
1119,65,1
1120,23,0
1121,22,0
1122,52,1
1123,10,0
1124,33,1
1125,32,0
1126,105,1
1127,12,0
1128,24,0
1129,20,0
1130,15,0
1131,40,1
1132,76,1
1133,65,1
1134,46,1
1135,48,0
1136,68,1
1137,59,1
1138,59,0
1139,24,0
1140,36,0
1141,35,0
1142,65,1
1143,86,0
1144,51,1
1145,83,1
1146,22,0
1147,47,0
1148,46,0
1149,57,0
1150,36,1
1151,65,0
1152,57,0
1153,81,0
1154,11,0
1155,88,0
1156,23,0
1157,45,0
1158,33,1
1159,27,0
1160,60,1
1161,56,0
1162,107,1
1163,84,0
1164,63,1
1165,60,0
1166,72,0
1167,88,0
1168,19,0
1169,34,0
1170,79,0
1171,65,0
1172,81,1
1173,15,0
1174,41,0
1175,155,1
1176,77,1
1177,71,1
1178,57,0
1179,57,1
1180,27,1
1181,25,0
1182,60,1
1183,28,0
1184,76,1
1185,24,1
1186,87,0
1187,25,0
1188,45,1
1189,61,0
1190,37,0
1191,55,1
1192,83,0
1193,75,1
1194,75,0
1195,45,1
1196,181,1
1197,45,0
1198,58,1
1199,36,1
1200,117,0
1201,56,0
1202,43,1
1203,83,0
1204,25,0
1205,30,1
1206,106,0
1207,184,1
1208,137,1
1209,106,0
1210,58,1
1211,21,0
1212,56,0
1213,56,1
1214,38,0
1215,41,1
1216,63,1
1217,66,1
1218,39,0
1219,35,0
1220,156,0
1221,63,1
1222,54,0
1223,62,1
1224,24,0
1225,75,1
1226,39,0
1227,80,1
1228,95,0
1229,34,0
1230,181,0
1231,48,0
1232,58,1
1233,67,0
1234,56,0
1235,79,0
1236,74,1
1237,22,1
1238,66,1
1239,81,1
1240,46,1
1241,28,0
1242,77,1
1243,28,1
1244,73,0
1245,71,0
1246,41,1
1247,34,1
1248,28,0
1249,75,1
1250,15,0
1251,56,0
1252,87,1
1253,159,0
1254,40,1
1255,58,0
1256,200,0
1257,82,0
1258,29,1
1259,16,0
1260,153,1
1261,80,0
1262,48,0
1263,29,1
1264,58,0
1265,63,0
1266,85,0
1267,170,1
1268,65,1
1269,90,0
1270,25,1
1271,42,0
1272,22,0
1273,21,0
1274,77,0
1275,29,1
1276,79,1
1277,60,0
1278,93,1
1279,65,0
1280,131,0
1281,35,0
1282,45,1
1283,36,1
1284,79,1
1285,33,1
1286,23,0
1287,73,1
1288,67,0
1289,90,1
1290,85,1
1291,120,1
1292,25,0
1293,71,1
1294,22,0
1295,37,1
1296,104,0
1297,83,0
1298,46,0
1299,51,1
1300,90,1
1301,34,0
1302,34,0
1303,82,0
1304,15,0
1305,21,0
1306,98,1
1307,60,0
1308,84,0
1309,53,0
1310,47,0
1311,90,1
1312,53,0
1313,37,0
1314,35,1
1315,98,0
1316,114,0
1317,56,1
1318,80,0
1319,60,0
1320,35,0
1321,26,0
1322,56,0
1323,58,0
1324,66,0
1325,90,0
1326,106,0
1327,29,0
1328,20,0
1329,34,0
1330,71,1
1331,53,1
1332,77,1
1333,11,0
1334,52,0
1335,120,1
1336,18,0
1337,47,0
1338,72,0
1339,70,0
1340,12,0
1341,75,1
1342,44,0
1343,41,0
1344,45,0
1345,61,0
1346,107,1
1347,83,1
1348,42,1
1349,19,1
1350,54,1
1351,77,0
1352,42,0
1353,97,1
1354,85,0
1355,169,0
1356,31,0
1357,124,1
1358,50,0
1359,97,1
1360,67,0
1361,92,1
1362,183,1
1363,50,1
1364,12,0
1365,34,0
1366,53,1
1367,36,1
1368,154,0
1369,18,0
1370,69,0
1371,20,0
1372,51,0
1373,29,0
1374,51,1
1375,54,1
1376,83,0
1377,56,0
1378,43,1
1379,60,1
1380,53,0
1381,37,1
1382,29,0
1383,86,0
1384,39,0
1385,43,0
1386,181,0
1387,82,1
1388,9,0
1389,70,1
1390,65,1
1391,112,1
1392,29,0
1393,22,0
1394,41,1
1395,48,1
1396,22,0
1397,29,0
1398,55,1
1399,50,1
1400,108,1
1401,193,1
1402,67,1
1403,57,0
1404,61,1
1405,69,1
1406,200,0
1407,52,1
1408,108,1
1409,141,1
1410,65,0
1411,80,0
1412,38,1
1413,36,0
1414,32,0
1415,38,1
1416,41,1
1417,16,0
1418,14,0
1419,43,1
1420,12,0
1421,45,1
1422,50,0
1423,80,1
1424,35,1
1425,85,0
1426,34,0
1427,34,0
1428,26,1
1429,17,0
1430,59,1
1431,11,0
1432,100,0
1433,53,1
1434,49,0
1435,135,0
1436,15,0
1437,80,1
1438,46,0
1439,49,1
1440,80,1
1441,108,1
1442,111,0
1443,60,1
1444,30,1
1445,144,1
1446,98,1
1447,88,0
1448,136,0
1449,74,1
1450,114,1
1451,32,1
1452,63,1
1453,36,0
1454,103,1
1455,193,0
1456,33,0
1457,44,1
1458,61,0
1459,93,1
1460,144,0
1461,100,0
1462,38,0
1463,66,1
1464,65,1
1465,46,0
1466,35,1
1467,83,1
1468,51,1
1469,24,0
1470,52,0
1471,70,1
1472,77,0
1473,58,0
1474,35,1
1475,111,1
1476,34,1
1477,41,0
1478,55,1
1479,29,0
1480,46,0
1481,112,0
1482,35,1
1483,42,0
1484,65,0
1485,72,1
1486,75,1
1487,71,1
1488,67,0
1489,41,0
1490,84,1
1491,68,1
1492,54,0
1493,58,0
1494,116,1
1495,14,0
1496,48,0
1497,60,0
1498,32,0
1499,69,1
1500,32,1
1501,30,0
1502,42,0
1503,37,1
1504,98,1
1505,63,1
1506,64,0
1507,57,0
1508,36,0
1509,16,0
1510,89,0
1511,67,1
1512,11,0
1513,45,0
1514,24,0
1515,24,1
1516,45,1
1517,75,1
1518,94,1
1519,60,0
1520,41,0
1521,63,1
1522,90,1
1523,73,1
1524,61,0
1525,25,1
1526,49,1
1527,54,1
1528,55,0
1529,13,0
1530,8,0
1531,54,0
1532,86,0
1533,32,0
1534,193,0
1535,45,1
1536,48,0
1537,57,1
1538,19,0
1539,21,0
1540,46,0
1541,90,1
1542,72,1
1543,62,1
1544,92,0
1545,54,1
1546,31,0
1547,36,1
1548,34,0
1549,46,1
1550,70,0
1551,46,1
1552,74,0
1553,35,1
1554,14,0
1555,45,1
1556,63,1
1557,66,0
1558,83,1
1559,33,1
1560,26,0
1561,71,1
1562,110,0
1563,102,0
1564,59,0
1565,46,0
1566,92,0
1567,44,0
1568,46,1
1569,23,0
1570,105,1
1571,67,1
1572,47,0
1573,12,0
1574,103,1
1575,68,0
1576,27,0
1577,44,1
1578,49,1
1579,65,1
1580,102,0
1581,91,1
1582,105,0
1583,19,0
1584,38,1
1585,22,0
1586,78,1
1587,81,0
1588,59,0
1589,96,1
1590,64,0
1591,23,0
1592,72,1
1593,179,1
1594,94,1
1595,65,0
1596,23,0
1597,14,0
1598,34,0
1599,70,0
1600,41,1
1601,148,0
1602,29,0
1603,83,1
1604,21,1
1605,70,0
1606,64,0
1607,71,1
1608,56,0
1609,42,1
1610,42,1
1611,67,1
1612,32,0
1613,37,0
1614,56,1
1615,48,0
1616,94,1
1617,112,0
1618,19,1
1619,78,1
1620,56,1
1621,36,0
1622,44,0
1623,57,1
1624,38,1
1625,48,0
1626,108,1
1627,41,1
1628,72,0
1629,155,0
1630,46,0
1631,70,1
1632,44,0
1633,36,1
1634,178,0
1635,7,0
1636,39,0
1637,61,0
1638,56,0
1639,57,1
1640,100,0
1641,116,1
1642,85,0
1643,46,1
1644,40,1
1645,39,1
1646,16,0
1647,45,1
1648,40,1
1649,41,1
1650,91,1
1651,36,0
1652,105,0
1653,77,1
1654,62,0
1655,102,1
1656,75,1
1657,54,0
1658,67,1
1659,47,1
1660,185,0
1661,42,1
1662,49,1
1663,109,1
1664,164,1
1665,61,1
1666,10,0
1667,101,0
1668,86,0
1669,47,1
1670,122,0
1671,39,1
1672,51,1
1673,19,0
1674,12,0
1675,41,1
1676,79,1
1677,102,0
1678,52,0
1679,15,0
1680,103,1
1681,11,0
1682,63,0
1683,53,1
1684,57,1
1685,60,1
1686,86,1
1687,55,1
1688,21,0
1689,65,0
1690,101,1
1691,37,1
1692,123,1
1693,100,1
1694,62,1
1695,41,0
1696,62,1
1697,82,1
1698,45,0
1699,99,1
1700,31,0
1701,74,0
1702,57,0
1703,48,1
1704,26,1
1705,24,1
1706,45,0
1707,73,0
1708,17,0
1709,67,0
1710,84,0
1711,46,1
1712,47,1
1713,39,0
1714,200,0
1715,112,0
1716,97,0
1717,43,1
1718,51,1
1719,87,0
1720,54,1
1721,78,1
1722,21,1
1723,40,0
1724,48,0
1725,44,1
1726,51,0
1727,57,1
1728,42,0
1729,77,1
1730,44,1
1731,32,0
1732,18,0
1733,27,0
1734,53,0
1735,89,1
1736,80,1
1737,110,1
1738,51,1
1739,52,1
1740,48,0
1741,119,0
1742,85,0
1743,173,0
1744,75,1
1745,32,0
1746,57,1
1747,48,0
1748,13,0
1749,83,1
1750,109,0
1751,86,1
1752,43,0
1753,67,0
1754,28,0
1755,122,0
1756,47,0
1757,63,0
1758,32,1
1759,39,0
1760,55,0
1761,167,1
1762,30,0
1763,85,0
1764,85,0
1765,13,0
1766,54,1
1767,39,0
1768,174,0
1769,78,0
1770,29,1
1771,30,0
1772,107,1
1773,73,1
1774,53,0
1775,50,0
1776,48,0
1777,71,0
1778,46,1
1779,154,1
1780,143,0
1781,52,1
1782,135,1
1783,85,1
1784,96,0
1785,26,0
1786,164,1
1787,98,0
1788,33,0
1789,56,0
1790,32,0
1791,200,0
1792,107,0
1793,46,1
1794,34,0
1795,33,1
1796,39,0
1797,168,0
1798,31,1
1799,76,1
1800,41,1
1801,53,0
1802,48,0
1803,74,0
1804,135,1
1805,43,1
1806,23,0
1807,113,1
1808,28,0
1809,44,1
1810,25,0
1811,30,0
1812,47,1
1813,9,0
1814,46,0
1815,28,1
1816,54,0
1817,39,0
1818,38,0
1819,18,0
1820,62,0
1821,122,0
1822,33,0
1823,46,0
1824,68,0
1825,45,0
1826,30,0
1827,34,0
1828,44,0
1829,121,1
1830,113,0
1831,33,1
1832,43,1
1833,75,1
1834,44,0
1835,54,1
1836,61,1
1837,67,1
1838,50,0
1839,18,0
1840,35,0
1841,19,0
1842,75,1
1843,65,0
1844,26,1
1845,69,0
1846,12,0
1847,40,1
1848,41,0
1849,12,0
1850,111,0
1851,73,0
1852,52,0
1853,53,1
1854,78,0
1855,43,0
1856,58,1
1857,33,0
1858,76,0
1859,42,1
1860,62,0
1861,114,1
1862,99,0
1863,71,1
1864,40,1
1865,47,1
1866,10,0
1867,129,1
1868,64,1
1869,102,1
1870,190,0
1871,84,0
1872,38,0
1873,63,1
1874,70,0
1875,92,0
1876,72,1
1877,62,1
1878,200,0
1879,132,0
1880,60,0
1881,135,1
1882,146,0
1883,84,1
1884,76,1
1885,20,0
1886,32,1
1887,36,1
1888,27,1
1889,25,0
1890,33,0
1891,16,0
1892,74,0
1893,55,0
1894,63,1
1895,7,0
1896,152,0
1897,53,0
1898,10,0
1899,25,0
1900,61,1
1901,46,1
1902,27,0
1903,59,1
1904,58,1
1905,52,0
1906,58,1
1907,71,1
1908,42,1
1909,78,1
1910,25,0
1911,51,1
1912,20,0
1913,49,0
1914,55,0
1915,45,0
1916,85,0
1917,20,0
1918,100,1
1919,36,1
1920,29,0
1921,51,0
1922,32,0
1923,28,0
1924,89,1
1925,180,1
1926,29,1
1927,20,0
1928,120,0
1929,69,1
1930,34,1
1931,41,1
1932,28,0
1933,60,1
1934,39,0
1935,128,1
1936,20,0
1937,200,0
1938,78,1
1939,41,0
1940,39,1
1941,36,1
1942,52,1
1943,42,1
1944,62,1
1945,45,1
1946,56,0
1947,91,0
1948,37,1
1949,21,0
1950,27,0
1951,187,0
1952,89,1
1953,86,1
1954,88,0
1955,72,1
1956,64,1
1957,82,0
1958,47,0
1959,117,1
1960,59,1
1961,80,0
1962,30,0
1963,105,0
1964,17,0
1965,62,1
1966,50,1
1967,42,0
1968,26,0
1969,18,0
1970,31,1
1971,38,1
1972,11,0
1973,29,0
1974,30,0
1975,76,1
1976,114,1
1977,49,1
1978,60,1
1979,71,0
1980,49,1
1981,10,0
1982,42,0
1983,70,1
1984,103,0
1985,61,1
1986,77,1
1987,47,0
1988,80,1
1989,14,0
1990,37,1
1991,42,1
1992,116,0
1993,40,1
1994,29,0
1995,105,0
1996,53,1
1997,48,0
1998,15,0
1999,78,0
2000,193,0
2001,78,1
2002,37,1
2003,9,0
2004,82,1
2005,49,0
2006,76,0
2007,43,1
2008,40,1
2009,48,1
2010,37,1
2011,22,0
2012,32,0
2013,116,1
2014,17,1
2015,84,0
2016,110,1
2017,90,0
2018,20,0
2019,41,0
2020,53,0
2021,112,0
2022,37,1
2023,87,1
2024,61,1
2025,122,1
2026,92,1
2027,99,1
2028,30,0
2029,69,1
2030,55,0
2031,83,1
2032,72,0
2033,45,0
2034,38,0
2035,138,0
2036,54,0
2037,200,0
2038,43,0
2039,30,0
2040,43,0
2041,103,0
2042,60,1
2043,44,0
2044,44,0
2045,23,0
2046,67,1
2047,108,1
2048,65,1
2049,13,0
2050,104,0
2051,55,1
2052,47,1
2053,109,1
2054,12,0
2055,37,1
2056,195,1
2057,32,1
2058,91,0
2059,40,0
2060,36,0
2061,18,0
2062,61,1
2063,65,1
2064,101,1
2065,43,1
2066,55,0
2067,39,0
2068,33,1
2069,117,1
2070,119,1
2071,70,0
2072,54,0
2073,46,1
2074,143,1
2075,18,0
2076,111,0
2077,37,1
2078,30,0
2079,47,0
2080,18,0
2081,9,0
2082,23,1
2083,93,0
2084,124,1
2085,49,0
2086,69,0
2087,47,0
2088,35,0
2089,79,1
2090,38,1
2091,200,0
2092,40,0
2093,91,1
2094,58,0
2095,40,1
2096,143,1
2097,38,1
2098,100,1
2099,66,1
2100,21,1
2101,57,1
2102,71,0
2103,43,0
2104,25,0
2105,31,0
2106,35,1
2107,28,1
2108,63,1
2109,110,1
2110,59,1
2111,45,1
2112,122,1
2113,21,0
2114,60,0
2115,46,1
2116,72,1
2117,63,0
2118,41,1
2119,86,0
2120,38,1
2121,46,0
2122,49,0
2123,11,0
2124,100,0
2125,76,1
2126,42,1
2127,81,1
2128,52,0
2129,109,0
2130,87,1
2131,64,1
2132,36,1
2133,148,0
2134,37,1
2135,151,1
2136,40,0
2137,95,0
2138,53,0
2139,35,1
2140,34,1
2141,95,1
2142,74,1
2143,23,0
2144,65,1
2145,87,0
2146,69,1
2147,73,1
2148,93,0
2149,42,0
2150,58,1
2151,44,1
2152,55,0
2153,40,1
2154,118,0
2155,72,1
2156,50,1
2157,100,0
2158,43,1
2159,31,1
2160,67,1
2161,43,1
2162,78,0
2163,33,0
2164,117,0
2165,36,1
2166,35,0
2167,42,1
2168,61,1
2169,70,1
2170,60,0
2171,163,1
2172,68,1
2173,34,0
2174,36,0
2175,72,0
2176,18,0
2177,54,1
2178,91,0
2179,56,0
2180,46,1
2181,103,0
2182,55,1
2183,50,0
2184,68,0
2185,30,0
2186,81,1
2187,36,1
2188,41,0
2189,48,1
2190,37,1
2191,33,1
2192,58,0
2193,22,0
2194,83,0
2195,74,1
2196,30,0
2197,53,1
2198,78,0
2199,44,1
2200,64,0
2201,45,0
2202,37,0
2203,88,1
2204,21,0
2205,53,1
2206,60,1
2207,25,0
2208,58,1
2209,37,1
2210,91,1
2211,86,1
2212,70,1
2213,50,1
2214,40,1
2215,86,1
2216,73,0
2217,131,1
2218,77,0
2219,25,1
2220,55,1
2221,46,0
2222,23,0
2223,101,0
2224,75,1
2225,140,0
2226,112,0
2227,42,0
2228,98,1
2229,61,0
2230,65,0
2231,29,0
2232,53,1
2233,44,0
2234,45,1
2235,57,1
2236,74,1
2237,17,0
2238,106,1
2239,54,1
2240,150,1
2241,84,0
2242,31,0
2243,123,1
2244,53,1
2245,200,0
2246,47,1
2247,44,0
2248,70,0
2249,48,1
2250,52,0
2251,12,0
2252,132,1
2253,73,1
2254,31,0
2255,84,1
2256,78,0
2257,42,0
2258,71,1
2259,80,0
2260,32,0
2261,62,0
2262,109,1
2263,68,0
2264,26,0
2265,68,0
2266,63,0
2267,40,0
2268,48,0
2269,26,0
2270,91,1
2271,88,0
2272,96,1
2273,24,0
2274,136,0
2275,36,0
2276,22,1
2277,13,0
2278,11,0
2279,67,1
2280,56,1
2281,100,0
2282,17,0
2283,61,1
2284,41,1
2285,132,1
2286,50,1
2287,94,0
2288,67,1
2289,191,0
2290,41,0
2291,74,0
2292,44,0
2293,65,1
2294,65,0
2295,55,0
2296,54,0
2297,92,1
2298,97,1
2299,20,0
2300,51,0
2301,73,0
2302,41,1
2303,50,0
2304,17,0
2305,99,0
2306,95,0
2307,59,1
2308,35,0
2309,113,0
2310,56,0
2311,27,1
2312,77,0
2313,44,1
2314,93,1
2315,44,0
2316,10,0
2317,11,0
2318,149,1
2319,185,1
2320,123,1
2321,77,1
2322,61,1
2323,46,1
2324,76,1
2325,81,1
2326,53,1
2327,149,0
2328,33,0
2329,38,0
2330,68,1
2331,27,0
2332,80,1
2333,100,0
2334,70,1
2335,59,1
2336,90,1
2337,30,0
2338,73,1
2339,117,0
2340,19,0
2341,43,0
2342,48,1
2343,8,0
2344,18,0
2345,89,0
2346,47,0
2347,49,0
2348,42,0
2349,48,1
2350,105,1
2351,47,1
2352,18,0
2353,41,1
2354,36,1
2355,60,1
2356,92,1
2357,111,0
2358,67,0
2359,73,1
2360,33,0
2361,31,1
2362,49,1
2363,10,0
2364,66,0
2365,54,1
2366,38,1
2367,68,0
2368,151,0
2369,77,0
2370,53,1
2371,38,0
2372,90,1
2373,67,1
2374,141,1
2375,31,0
2376,116,1
2377,33,1
2378,58,1
2379,91,1
2380,50,0
2381,75,1
2382,25,0
2383,52,1
2384,72,0
2385,104,1
2386,13,0
2387,52,0
2388,43,1
2389,96,0
2390,41,1
2391,54,1
2392,42,1
2393,37,0
2394,50,0
2395,51,1
2396,51,1
2397,36,0
2398,43,0
2399,82,1
2400,40,1
2401,58,0
2402,80,0
2403,9,0
2404,31,0
2405,80,1
2406,13,0
2407,35,0
2408,36,0
2409,42,1
2410,166,1
2411,49,1
2412,71,1
2413,145,0
2414,52,0
2415,103,0
2416,90,0
2417,50,1
2418,27,1
2419,40,1
2420,105,0
2421,23,1
2422,130,0
2423,34,1
2424,44,1
2425,106,0
2426,100,0
2427,54,0
2428,31,0
2429,33,0
2430,103,0
2431,21,0
2432,59,0
2433,49,0
2434,40,0
2435,57,0
2436,39,1
2437,86,0
2438,62,0
2439,58,1
2440,31,0
2441,113,1
2442,15,0
2443,100,1
2444,200,0
2445,78,0
2446,24,1
2447,101,1
2448,48,0
2449,52,1
2450,43,1
2451,42,1
2452,108,1
2453,13,0
2454,112,1
2455,48,0
2456,51,0
2457,88,0
2458,73,1
2459,86,1
2460,31,0
2461,17,0
2462,45,0
2463,15,0
2464,26,1
2465,53,1
2466,66,1
2467,66,1
2468,35,1
2469,28,0
2470,22,0
2471,44,0
2472,43,1
2473,42,0
2474,28,0
2475,29,1
2476,52,1
2477,55,0
2478,51,1
2479,11,0
2480,48,0
2481,69,1
2482,56,1
2483,12,0
2484,39,0
2485,38,1
2486,40,0
2487,47,0
2488,43,1
2489,191,1
2490,61,1
2491,148,1
2492,37,0
2493,42,0
2494,53,1
2495,78,1
2496,52,1
2497,37,0
2498,66,0
2499,74,0
2500,27,0
2501,38,0
2502,51,0
2503,47,0
2504,47,0
2505,29,0
2506,40,0
2507,34,0
2508,12,0
2509,17,0
2510,33,0
2511,39,0
2512,69,1
2513,60,0
2514,31,1
2515,19,0
2516,48,0
2517,21,0
2518,78,1
2519,40,1
2520,20,0
2521,80,0
2522,62,1
2523,87,1
2524,62,0
2525,81,0
2526,101,0
2527,26,0
2528,48,1
2529,36,0
2530,36,0
2531,55,1
2532,72,0
2533,17,0
2534,35,0
2535,54,0
2536,51,0
2537,16,0
2538,103,1
2539,13,0
2540,98,0
2541,28,0
2542,46,0
2543,36,1
2544,47,0
2545,75,1
2546,66,0
2547,110,1
2548,79,0
2549,42,1
2550,21,0
2551,35,1
2552,25,0
2553,71,0
2554,170,0
2555,28,0
2556,53,0
2557,80,1
2558,84,1
2559,61,1
2560,67,0
2561,9,0
2562,41,0
2563,67,0
2564,21,0
2565,46,1
2566,54,1
2567,62,0
2568,83,1
2569,58,1
2570,44,0
2571,69,1
2572,147,0
2573,94,0
2574,31,1
2575,29,1
2576,7,0
2577,61,1
2578,40,1
2579,200,0
2580,48,0
2581,64,0
2582,109,0
2583,121,0
2584,128,1
2585,86,1
2586,95,1
2587,95,1
2588,35,0
2589,70,1
2590,49,1
2591,42,0
2592,69,0
2593,75,0
2594,31,0
2595,25,0
2596,46,0
2597,67,0
2598,69,1
2599,113,1
2600,42,0
2601,38,1
2602,50,1
2603,29,0
2604,64,0
2605,69,0
2606,37,0
2607,102,0
2608,24,0
2609,116,0
2610,24,0
2611,32,1
2612,36,1
2613,40,0
2614,39,0
2615,10,0
2616,43,1
2617,64,0
2618,70,0
2619,65,1
2620,58,1
2621,62,0
2622,57,1
2623,66,0
2624,83,1
2625,137,0
2626,95,0
2627,42,1
2628,36,0
2629,48,0
2630,27,0
2631,143,1
2632,119,1
2633,87,1
2634,55,0
2635,80,0
2636,134,1
2637,48,0
2638,15,0
2639,17,0
2640,38,1
2641,62,0
2642,26,0
2643,85,1
2644,55,1
2645,32,0
2646,14,0
2647,58,1
2648,72,1
2649,51,0
2650,101,0
2651,102,0
2652,21,0
2653,70,1
2654,22,0
2655,23,0
2656,149,0
2657,74,1
2658,45,0
2659,79,0
2660,73,1
2661,89,0
2662,33,1
2663,68,1
2664,15,0
2665,50,0
2666,40,1
2667,51,1
2668,15,0
2669,45,0
2670,83,1
2671,84,0
2672,84,1
2673,43,1
2674,26,1
2675,60,0
2676,21,0
2677,44,1
2678,95,0
2679,48,0
2680,82,1
2681,94,0
2682,161,1
2683,67,0
2684,37,0
2685,70,1
2686,24,1
2687,48,0
2688,37,0
2689,14,0
2690,88,1
2691,63,1
2692,66,0
2693,107,1
2694,16,0
2695,32,1
2696,92,1
2697,100,1
2698,111,0
2699,76,0
2700,101,0
2701,38,1
2702,28,0
2703,19,0
2704,46,1
2705,106,1
2706,149,1
2707,39,0
2708,31,1
2709,55,1
2710,27,0
2711,64,0
2712,58,1
2713,31,0
2714,50,0
2715,53,1
2716,55,0
2717,50,0
2718,109,0
2719,95,0
2720,24,0
2721,37,1
2722,41,1
2723,70,0
2724,96,0
2725,39,0
2726,107,0
2727,24,0
2728,38,0
2729,85,1
2730,179,1
2731,86,0
2732,76,0
2733,114,0
2734,33,0
2735,43,0
2736,123,0
2737,42,0
2738,106,0
2739,48,0
2740,32,0
2741,54,1
2742,80,0
2743,85,0
2744,41,0
2745,24,0
2746,132,0
2747,38,1
2748,25,1
2749,57,1
2750,59,1
2751,114,1
2752,37,0
2753,72,0
2754,99,0
2755,54,1
2756,63,0
2757,37,0
2758,12,0
2759,91,0
2760,20,0
2761,111,1
2762,40,0
2763,72,1
2764,61,0
2765,108,1
2766,43,1
2767,70,1
2768,14,0
2769,162,0
2770,74,0
2771,50,1
2772,49,1
2773,76,0
2774,15,0
2775,62,0
2776,56,1
2777,26,0
2778,83,0
2779,49,1
2780,23,0
2781,114,0
2782,83,0
2783,17,0
2784,43,1
2785,55,1
2786,44,0
2787,116,1
2788,58,1
2789,49,0
2790,34,1
2791,56,1
2792,117,1
2793,39,0
2794,99,1
2795,63,0
2796,13,0
2797,49,1
2798,137,1
2799,60,0
2800,82,0
2801,56,0
2802,143,0
2803,147,0
2804,20,0
2805,55,0
2806,39,1
2807,53,0
2808,45,0
2809,72,1
2810,68,1
2811,12,0
2812,65,0
2813,61,0
2814,45,1
2815,200,0
2816,41,1
2817,11,0
2818,49,0
2819,192,0
2820,8,0
2821,11,0
2822,40,0
2823,18,0
2824,82,1
2825,45,0
2826,130,1
2827,96,0
2828,122,1
2829,32,0
2830,46,0
2831,124,0
2832,40,1
2833,44,1
2834,45,0
2835,36,1
2836,42,0
2837,110,0
2838,56,0
2839,27,0
2840,36,1
2841,90,0
2842,95,0
2843,54,0
2844,64,1
2845,72,0
2846,65,0
2847,76,1
2848,162,1
2849,38,1
2850,37,0
2851,52,1
2852,9,0
2853,62,1
2854,43,0
2855,44,1
2856,32,0
2857,99,0
2858,59,0
2859,32,1
2860,89,0
2861,23,0
2862,74,1
2863,41,0
2864,30,0
2865,44,0
2866,200,0
2867,92,1
2868,34,1
2869,58,1
2870,72,1
2871,117,1
2872,56,1
2873,38,0
2874,62,1
2875,15,0
2876,33,1
2877,97,1
2878,85,1
2879,56,1
2880,55,0
2881,49,1
2882,88,0
2883,178,1
2884,26,0
2885,42,0
2886,27,0
2887,32,0
2888,58,1
2889,34,0
2890,39,0
2891,25,0
2892,163,0
2893,67,1
2894,53,0
2895,55,1
2896,121,1
2897,33,0
2898,84,1
2899,86,1
2900,34,0
2901,68,1
2902,37,1
2903,29,0
2904,35,0
2905,40,0
2906,42,0
2907,88,0
2908,22,1
2909,97,0
2910,93,1
2911,39,0
2912,56,1
2913,87,1
2914,64,1
2915,41,0
2916,200,0
2917,58,1
2918,50,0
2919,27,1
2920,79,1
2921,37,0
2922,118,0
2923,45,0
2924,85,0
2925,48,0
2926,76,1
2927,51,0
2928,22,0
2929,53,0
2930,92,1
2931,57,1
2932,85,1
2933,57,0
2934,42,0
2935,41,1
2936,35,0
2937,167,1
2938,56,1
2939,120,1
2940,76,0
2941,64,1
2942,85,0
2943,68,1
2944,48,0
2945,94,0
2946,85,0
2947,56,1
2948,57,0
2949,61,1
2950,27,1
2951,11,0
2952,88,1
2953,81,1
2954,92,0
2955,43,0
2956,155,0
2957,39,1
2958,58,0
2959,96,1
2960,35,1
2961,78,1
2962,50,0
2963,40,0
2964,42,0
2965,64,0
2966,39,1
2967,92,0
2968,186,1
2969,114,1
2970,41,0
2971,16,0
2972,34,0
2973,48,1
2974,31,0
2975,32,0
2976,62,1
2977,104,0
2978,35,1
2979,28,0
2980,30,0
2981,11,0
2982,48,0
2983,52,0
2984,94,1
2985,71,1
2986,35,0
2987,26,0
2988,75,1
2989,58,0
2990,26,0
2991,39,0
2992,116,0
2993,64,1
2994,97,0
2995,74,0
2996,77,1
2997,66,1
2998,60,1
2999,43,1
3000,21,0
3001,32,0
3002,55,0
3003,74,1
3004,82,0
3005,49,0
3006,133,0
3007,67,0
3008,30,0
3009,16,0
3010,36,1
3011,132,0
3012,26,0
3013,114,0
3014,21,0
3015,61,0
3016,69,0
3017,45,1
3018,26,0
3019,45,0
3020,57,0
3021,111,1
3022,42,0
3023,115,0
3024,24,0
3025,28,1
3026,94,0
3027,41,0
3028,133,0
3029,9,0
3030,35,1
3031,76,0
3032,62,0
3033,22,0
3034,27,0
3035,10,0
3036,47,1
3037,68,0
3038,27,0
3039,50,0
3040,48,1
3041,43,0
3042,31,0
3043,51,1
3044,36,1
3045,106,1
3046,195,1
3047,53,1
3048,83,0
3049,84,1
3050,55,1
3051,83,1
3052,12,0
3053,88,0
3054,98,1
3055,39,0
3056,87,1
3057,33,0
3058,26,0
3059,112,0
3060,54,1
3061,24,1
3062,9,0
3063,37,1
3064,8,0
3065,83,1
3066,36,1
3067,153,0
3068,37,0
3069,24,0
3070,78,0
3071,40,1
3072,169,1
3073,66,1
3074,36,0
3075,25,0
3076,81,1
3077,33,0
3078,70,1
3079,45,1
3080,47,0
3081,64,0
3082,88,1
3083,81,0
3084,104,1
3085,137,1
3086,128,0
3087,64,1
3088,38,1
3089,69,1
3090,58,0
3091,70,0
3092,42,1
3093,83,1
3094,78,1
3095,38,0
3096,49,1
3097,62,0
3098,65,1
3099,12,0
3100,33,0
3101,86,1
3102,72,0
3103,20,0
3104,183,1
3105,34,1
3106,120,1
3107,21,0
3108,22,0
3109,42,0
3110,72,0
3111,123,1
3112,52,0
3113,65,0
3114,63,0
3115,40,1
3116,48,1
3117,59,1
3118,63,0
3119,28,0
3120,41,1
3121,73,0
3122,104,1
3123,88,1
3124,32,1
3125,35,0
3126,35,0
3127,32,0
3128,52,1
3129,63,0
3130,41,0
3131,85,1
3132,37,0
3133,134,1
3134,32,1
3135,23,0
3136,68,1
3137,19,0
3138,30,0
3139,125,0
3140,56,0
3141,36,1
3142,53,0
3143,163,1
3144,46,1
3145,41,0
3146,51,1
3147,52,0
3148,132,1
3149,92,0
3150,32,0
3151,52,0
3152,90,0
3153,67,1
3154,27,0
3155,25,0
3156,132,1
3157,40,0
3158,75,0
3159,41,1
3160,89,1
3161,49,1
3162,155,0
3163,29,0
3164,137,0
3165,80,0
3166,39,0
3167,80,1
3168,110,0
3169,37,0
3170,17,0
3171,65,0
3172,67,1
3173,32,1
3174,26,0
3175,104,0
3176,103,1
3177,62,1
3178,17,0
3179,63,0
3180,73,1
3181,40,1
3182,63,1
3183,9,0
3184,107,0
3185,59,0
3186,120,0
3187,50,1
3188,31,1
3189,39,1
3190,16,0
3191,38,0
3192,38,0
3193,52,0
3194,115,0
3195,56,0
3196,29,1
3197,64,1
3198,54,0
3199,77,0
3200,17,0
3201,9,0
3202,48,1
3203,20,0
3204,33,0
3205,119,1
3206,68,0
3207,54,0
3208,39,0
3209,34,0
3210,32,0
3211,47,0
3212,79,1
3213,142,1
3214,82,1
3215,40,0
3216,57,0
3217,200,0
3218,68,1
3219,23,1
3220,41,0
3221,131,1
3222,73,0
3223,37,0
3224,104,0
3225,38,0
3226,55,1
3227,82,0
3228,23,0
3229,55,1
3230,25,1
3231,136,0
3232,62,0
3233,23,0
3234,55,0
3235,53,0
3236,130,0
3237,38,0
3238,44,0
3239,99,1
3240,49,0
3241,25,1
3242,41,0
3243,54,1
3244,49,0
3245,55,1
3246,42,1
3247,31,0
3248,67,1
3249,46,1
3250,24,0
3251,34,0
3252,65,0
3253,11,0
3254,15,0
3255,58,0
3256,63,0
3257,57,1
3258,102,0
3259,127,0
3260,36,1
3261,92,0
3262,126,1
3263,136,0
3264,61,1
3265,24,0
3266,37,1
3267,95,0
3268,35,0
3269,44,0
3270,51,1
3271,33,0
3272,54,1
3273,53,1
3274,134,1
3275,82,1
3276,57,1
3277,200,0
3278,70,1
3279,67,0
3280,86,1
3281,100,0
3282,11,0
3283,51,0
3284,37,0
3285,38,0
3286,39,0
3287,36,0
3288,157,1
3289,38,1
3290,78,1
3291,15,0
3292,49,1
3293,82,0
3294,9,0
3295,116,0
3296,43,0
3297,46,1
3298,111,1
3299,74,1
3300,42,1
3301,56,0
3302,69,0
3303,116,0
3304,63,0
3305,26,1
3306,65,1
3307,99,1
3308,85,0
3309,45,0
3310,74,0
3311,77,1
3312,39,0
3313,24,0
3314,27,0
3315,115,0
3316,52,0
3317,58,0
3318,37,0
3319,24,0
3320,117,0
3321,43,1
3322,68,1
3323,72,0
3324,124,0
3325,13,0
3326,79,0
3327,58,0
3328,24,0
3329,85,0
3330,71,1
3331,81,0
3332,60,1
3333,84,1
3334,40,0
3335,107,1
3336,49,0
3337,50,1
3338,64,0
3339,62,0
3340,67,1
3341,29,0
3342,47,0
3343,93,1
3344,86,0
3345,50,1
3346,35,1
3347,79,1
3348,44,1
3349,29,0
3350,53,1
3351,78,0
3352,105,1
3353,62,1
3354,16,0
3355,78,0
3356,56,1
3357,44,1
3358,75,0
3359,53,1
3360,21,1
3361,40,1
3362,46,0
3363,38,1
3364,19,0
3365,44,1
3366,47,1
3367,156,1
3368,122,1
3369,54,0
3370,15,0
3371,102,1
3372,109,0
3373,45,0
3374,20,1
3375,146,0
3376,132,1
3377,188,1
3378,36,1
3379,60,0
3380,43,1
3381,66,1
3382,26,0
3383,129,1
3384,74,0
3385,33,0
3386,41,0
3387,36,0
3388,77,0
3389,46,1
3390,147,0
3391,83,0
3392,38,0
3393,31,0
3394,46,1
3395,52,0
3396,51,1
3397,58,0
3398,36,0
3399,40,0
3400,63,0
3401,31,0
3402,41,0
3403,20,0
3404,56,1
3405,79,0
3406,56,1
3407,38,1
3408,41,1
3409,36,1
3410,36,0
3411,150,1
3412,36,1
3413,54,0
3414,33,0
3415,14,0
3416,44,0
3417,78,0
3418,87,1
3419,111,1
3420,62,0
3421,128,1
3422,23,0
3423,48,0
3424,117,1
3425,121,0
3426,55,0
3427,92,0
3428,44,1
3429,44,1
3430,91,0
3431,89,1
3432,65,0
3433,27,1
3434,106,0
3435,103,1
3436,59,0
3437,156,1
3438,91,1
3439,60,0
3440,103,1
3441,41,0
3442,37,0
3443,33,1
3444,43,1
3445,54,1
3446,24,0
3447,43,1
3448,40,1
3449,69,1
3450,79,0
3451,32,1
3452,50,0
3453,32,0
3454,38,0
3455,46,0
3456,39,0
3457,37,0
3458,13,0
3459,129,1
3460,59,0
3461,88,1
3462,23,1
3463,74,0
3464,75,1
3465,54,1
3466,8,0
3467,19,1
3468,61,1
3469,71,0
3470,74,0
3471,42,1
3472,22,0
3473,56,1
3474,77,0
3475,50,1
3476,86,1
3477,81,1
3478,57,1
3479,129,1
3480,47,1
3481,68,0
3482,54,1
3483,26,0
3484,67,0
3485,45,0
3486,93,1
3487,52,1
3488,101,0
3489,72,1
3490,12,0
3491,53,1
3492,62,0
3493,52,1
3494,64,1
3495,124,1
3496,79,0
3497,106,1
3498,28,1
3499,22,0
3500,24,0
3501,39,1
3502,69,0
3503,114,0
3504,25,0
3505,40,0
3506,12,0
3507,116,0
3508,42,1
3509,75,1
3510,29,0
3511,35,0
3512,18,0
3513,83,1
3514,19,0
3515,37,0
3516,41,1
3517,83,1
3518,119,1
3519,56,0
3520,60,0
3521,46,0
3522,56,0
3523,53,0
3524,38,0
3525,44,0
3526,76,0
3527,39,1
3528,70,0
3529,47,0
3530,149,1
3531,52,0
3532,67,1
3533,31,1
3534,98,0
3535,53,0
3536,101,0
3537,63,1
3538,34,0
3539,15,0
3540,45,1
3541,102,0
3542,67,0
3543,110,0
3544,81,0
3545,41,0
3546,98,0
3547,44,0
3548,24,1
3549,36,1
3550,74,0
3551,57,1
3552,39,0
3553,79,1
3554,66,0
3555,49,1
3556,54,0
3557,43,1
3558,52,0
3559,23,1
3560,104,1
3561,35,0
3562,35,1
3563,45,0
3564,18,0
3565,41,1
3566,81,0
3567,79,1
3568,67,0
3569,113,1
3570,200,0
3571,41,0
3572,32,1
3573,50,0
3574,81,1
3575,125,0
3576,76,0
3577,53,0
3578,23,0
3579,44,0
3580,55,0
3581,40,0
3582,46,0
3583,67,1
3584,55,0
3585,52,1
3586,33,0
3587,39,0
3588,65,0
3589,99,0
3590,125,0
3591,83,1
3592,148,1
3593,83,0
3594,114,1
3595,59,0
3596,38,0
3597,98,0
3598,63,0
3599,47,1
3600,41,1
3601,19,0
3602,73,1
3603,64,0
3604,81,1
3605,45,1
3606,53,1
3607,56,0
3608,12,0
3609,54,1
3610,23,1
3611,44,0
3612,29,1
3613,44,1
3614,24,1
3615,28,1
3616,36,0
3617,153,0
3618,54,1
3619,192,0
3620,55,1
3621,70,1
3622,126,0
3623,41,1
3624,68,0
3625,47,0
3626,102,1
3627,47,1
3628,33,0
3629,81,0
3630,67,1
3631,65,1
3632,96,1
3633,46,0
3634,57,1
3635,50,1
3636,74,1
3637,32,1
3638,56,0
3639,58,1
3640,85,1
3641,55,1
3642,112,1
3643,22,1
3644,111,0
3645,42,1
3646,89,0
3647,83,1
3648,48,0
3649,90,0
3650,76,1
3651,19,0
3652,68,0
3653,70,1
3654,76,0
3655,23,1
3656,113,0
3657,32,0
3658,43,0
3659,42,1
3660,22,0
3661,79,0
3662,43,1
3663,39,0
3664,30,0
3665,83,0
3666,62,1
3667,80,0
3668,23,0
3669,135,1
3670,33,0
3671,63,1
3672,85,1
3673,50,1
3674,67,1
3675,43,1
3676,52,0
3677,61,1
3678,43,0
3679,39,0
3680,125,1
3681,72,0
3682,13,0
3683,81,1
3684,42,0
3685,25,0
3686,55,0
3687,53,0
3688,98,0
3689,32,0
3690,138,1
3691,89,1
3692,142,0
3693,42,1
3694,97,0
3695,112,1
3696,56,1
3697,33,0
3698,68,0
3699,82,1
3700,115,1
3701,18,0
3702,67,0
3703,33,1
3704,45,0
3705,69,1
3706,23,1
3707,56,1
3708,50,0
3709,87,1
3710,82,1
3711,55,1
3712,51,1
3713,67,0
3714,64,0
3715,101,1
3716,16,0
3717,131,1
3718,97,0
3719,103,0
3720,78,0
3721,28,0
3722,34,0
3723,32,0
3724,27,0
3725,108,0
3726,39,1
3727,66,0
3728,16,0
3729,13,0
3730,83,1
3731,57,0
3732,37,0
3733,34,1
3734,30,0
3735,136,0
3736,64,0
3737,74,1
3738,92,0
3739,59,1
3740,38,0
3741,28,0
3742,59,1
3743,118,0
3744,33,1
3745,98,1
3746,63,1
3747,46,0
3748,41,0
3749,86,0
3750,20,0
3751,36,1
3752,62,0
3753,62,0
3754,51,0
3755,32,1
3756,57,0
3757,40,0
3758,49,0
3759,48,0
3760,131,0
3761,97,1
3762,33,0
3763,76,1
3764,19,0
3765,17,0
3766,83,1
3767,86,1
3768,127,0
3769,45,1
3770,109,0
3771,68,1
3772,84,0
3773,50,0
3774,94,1
3775,103,1
3776,43,0
3777,60,0
3778,49,1
3779,48,1
3780,104,1
3781,89,1
3782,105,1
3783,43,0
3784,19,0
3785,24,0
3786,55,0
3787,55,1
3788,90,0
3789,93,0
3790,79,1
3791,84,1
3792,122,0
3793,96,1
3794,88,0
3795,23,1
3796,65,0
3797,50,0
3798,200,0
3799,32,0
3800,20,0
3801,40,0
3802,51,1
3803,20,1
3804,38,0
3805,109,1
3806,29,0
3807,97,1
3808,39,0
3809,103,1
3810,50,1
3811,70,0
3812,84,1
3813,148,0
3814,65,0
3815,12,0
3816,44,1
3817,79,1
3818,57,1
3819,35,0
3820,36,1
3821,41,0
3822,37,0
3823,37,0
3824,36,1
3825,17,0
3826,49,0
3827,30,0
3828,67,1
3829,56,0
3830,58,0
3831,30,0
3832,36,1
3833,132,0
3834,33,1
3835,11,0
3836,10,0
3837,68,0
3838,122,0
3839,117,0
3840,48,1
3841,69,0
3842,42,0
3843,82,0
3844,93,1
3845,57,0
3846,24,0
3847,48,1
3848,147,0
3849,127,0
3850,70,0
3851,200,0
3852,34,0
3853,22,0
3854,54,0
3855,33,0
3856,58,0
3857,95,0
3858,75,0
3859,56,1
3860,88,0
3861,44,1
3862,38,1
3863,56,1
3864,33,1
3865,23,0
3866,153,0
3867,58,1
3868,55,0
3869,123,1
3870,78,1
3871,80,0
3872,60,1
3873,40,0
3874,118,0
3875,39,0
3876,51,1
3877,44,1
3878,109,1
3879,32,1
3880,86,1
3881,20,0
3882,65,0
3883,56,0
3884,71,1
3885,8,0
3886,88,0
3887,25,0
3888,14,0
3889,15,0
3890,68,0
3891,22,0
3892,54,1
3893,58,0
3894,39,0
3895,16,0
3896,40,1
3897,67,0
3898,16,0
3899,81,1
3900,92,0
3901,80,0
3902,67,1
3903,137,1
3904,44,0
3905,69,0
3906,51,0
3907,69,0
3908,50,0
3909,80,1
3910,51,1
3911,15,0
3912,43,0
3913,136,1
3914,99,0
3915,49,0
3916,73,0
3917,106,0
3918,44,1
3919,80,1
3920,57,1
3921,38,1
3922,74,1
3923,171,0
3924,47,0
3925,77,0
3926,97,1
3927,81,0
3928,132,1
3929,48,0
3930,79,0
3931,15,0
3932,62,0
3933,12,0
3934,79,0
3935,19,0
3936,64,1
3937,37,0
3938,28,0
3939,57,1
3940,100,1
3941,27,0
3942,109,0
3943,28,1
3944,30,1
3945,114,1
3946,28,0
3947,21,0
3948,132,1
3949,43,0
3950,51,0
3951,48,1
3952,58,0
3953,97,1
3954,35,1
3955,44,0
3956,56,1
3957,39,0
3958,74,1
3959,64,1
3960,38,1
3961,107,1
3962,70,0
3963,99,0
3964,130,1
3965,79,0
3966,30,1
3967,57,0
3968,99,1
3969,35,0
3970,113,0
3971,43,0
3972,69,0
3973,67,0
3974,27,0
3975,102,0
3976,74,1
3977,40,1
3978,35,0
3979,36,1
3980,47,0
3981,41,0
3982,75,1
3983,53,0
3984,51,1
3985,66,0
3986,37,0
3987,43,0
3988,49,0
3989,12,0
3990,52,0
3991,49,0
3992,41,1
3993,49,0
3994,75,0
3995,27,0
3996,109,0
3997,53,0
3998,37,0
3999,67,0
4000,53,1
4001,45,0
4002,45,1
4003,41,0
4004,35,1
4005,60,0
4006,46,0
4007,118,0
4008,85,1
4009,33,1
4010,59,1
4011,45,0
4012,34,1
4013,45,1
4014,35,0
4015,62,0
4016,26,0
4017,64,1
4018,85,0
4019,63,0
4020,65,1
4021,52,1
4022,78,1
4023,60,0
4024,27,0
4025,83,1
4026,89,0
4027,51,0
4028,14,0
4029,76,0
4030,40,0
4031,48,0
4032,34,0
4033,93,1
4034,102,1
4035,27,0
4036,26,1
4037,33,0
4038,14,0
4039,108,1
4040,32,1
4041,38,0
4042,41,0
4043,56,1
4044,51,1
4045,50,1
4046,39,0
4047,98,0
4048,39,1
4049,19,0
4050,26,0
4051,55,0
4052,113,0
4053,87,0
4054,30,0
4055,87,1
4056,95,0
4057,65,1
4058,51,0
4059,119,0
4060,87,0
4061,59,0
4062,110,0
4063,23,0
4064,21,0
4065,54,0
4066,111,1
4067,60,0
4068,76,0
4069,73,1
4070,52,0
4071,76,0
4072,130,1
4073,45,0
4074,53,0
4075,65,0
4076,102,1
4077,99,0
4078,38,0
4079,38,0
4080,89,0
4081,24,0
4082,36,1
4083,54,1
4084,64,1
4085,52,0
4086,45,1
4087,37,1
4088,25,0
4089,48,1
4090,11,0
4091,14,0
4092,19,0
4093,24,1
4094,161,0
4095,91,0
4096,110,1
4097,33,0
4098,90,0
4099,94,0
4100,38,0
4101,93,1
4102,25,0
4103,108,1
4104,87,0
4105,31,1
4106,85,0
4107,56,1
4108,63,0
4109,12,0
4110,37,0
4111,54,1
4112,90,0
4113,19,0
4114,32,0
4115,38,1
4116,81,1
4117,32,0
4118,56,0
4119,54,1
4120,95,1
4121,43,0
4122,100,1
4123,81,1
4124,75,1
4125,195,0
4126,42,0
4127,40,0
4128,174,1
4129,15,0
4130,47,1
4131,80,1
4132,43,1
4133,48,0
4134,30,1
4135,45,1
4136,60,1
4137,48,0
4138,54,1
4139,21,0
4140,57,0
4141,158,1
4142,64,0
4143,86,0
4144,151,0
4145,129,1
4146,109,1
4147,36,1
4148,31,0
4149,63,1
4150,63,0
4151,37,0
4152,55,1
4153,32,1
4154,66,1
4155,38,1
4156,61,1
4157,50,0
4158,17,0
4159,40,1
4160,62,0
4161,140,0
4162,36,1
4163,82,1
4164,148,1
4165,42,1
4166,23,0
4167,44,1
4168,96,1
4169,80,0
4170,58,1
4171,33,0
4172,40,1
4173,96,1
4174,55,0
4175,48,0
4176,38,0
4177,68,0
4178,73,1
4179,18,0
4180,156,0
4181,38,0
4182,48,1
4183,48,0
4184,58,1
4185,95,1
4186,33,1
4187,141,1
4188,55,1
4189,47,1
4190,45,1
4191,65,0
4192,7,0
4193,54,1
4194,66,1
4195,24,0
4196,69,1
4197,57,1
4198,84,0
4199,88,0
4200,101,0
4201,104,1
4202,37,0
4203,104,0
4204,71,0
4205,98,1
4206,98,0
4207,104,0
4208,56,1
4209,78,0
4210,16,0
4211,90,1
4212,54,0
4213,114,0
4214,61,1
4215,57,1
4216,81,0
4217,40,0
4218,121,0
4219,36,1
4220,74,1
4221,78,1
4222,66,0
4223,65,0
4224,88,0
4225,71,0
4226,116,1
4227,42,1
4228,59,1
4229,76,0
4230,25,1
4231,76,0
4232,119,1
4233,29,0
4234,65,0
4235,108,0
4236,32,0
4237,60,1
4238,50,1
4239,29,0
4240,99,1
4241,33,1
4242,65,1
4243,24,0
4244,83,0
4245,31,1
4246,50,0
4247,120,1
4248,74,0
4249,42,0
4250,25,0
4251,29,0
4252,183,0
4253,60,1
4254,38,0
4255,25,0
4256,67,1
4257,55,0
4258,56,0
4259,121,1
4260,152,0
4261,197,0
4262,48,1
4263,38,0
4264,52,0
4265,25,0
4266,42,1
4267,77,0
4268,51,0
4269,63,1
4270,143,0
4271,93,1
4272,35,1
4273,40,0
4274,36,1
4275,43,0
4276,9,0
4277,70,0
4278,135,1
4279,103,1
4280,54,1
4281,126,0
4282,98,0
4283,128,0
4284,55,1
4285,17,0
4286,68,1
4287,35,0
4288,66,1
4289,49,1
4290,43,1
4291,50,0
4292,68,1
4293,104,1
4294,54,1
4295,70,0
4296,87,1
4297,19,0
4298,70,0
4299,25,0
4300,56,0
4301,76,0
4302,28,1
4303,32,1
4304,62,0
4305,118,0
4306,45,0
4307,88,0
4308,21,0
4309,55,1
4310,19,0
4311,102,1
4312,51,1
4313,49,1
4314,73,1
4315,47,0
4316,97,0
4317,46,0
4318,48,1
4319,42,1
4320,94,0
4321,141,1
4322,80,0
4323,59,1
4324,84,0
4325,48,0
4326,43,1
4327,87,1
4328,23,0
4329,56,1
4330,35,0
4331,125,0
4332,30,1
4333,60,0
4334,94,0
4335,86,0
4336,96,1
4337,15,0
4338,24,0
4339,123,0
4340,40,0
4341,62,0
4342,109,1
4343,45,1
4344,17,0
4345,53,0
4346,12,0
4347,108,1
4348,11,0
4349,74,0
4350,132,0
4351,26,0
4352,115,0
4353,25,0
4354,39,0
4355,121,0
4356,66,0
4357,117,1
4358,47,1
4359,38,0
4360,33,0
4361,53,0
4362,61,0
4363,88,1
4364,129,0
4365,55,0
4366,9,0
4367,74,1
4368,60,0
4369,74,0
4370,66,1
4371,82,1
4372,107,1
4373,41,0
4374,64,1
4375,58,1
4376,24,0
4377,29,0
4378,59,1
4379,108,1
4380,38,1
4381,125,1
4382,41,1
4383,25,0
4384,29,0
4385,75,1
4386,36,1
4387,52,0
4388,26,0
4389,91,0
4390,15,0
4391,31,1
4392,126,1
4393,86,0
4394,136,0
4395,32,0
4396,94,1
4397,200,0
4398,50,1
4399,63,0
4400,11,0
4401,77,1
4402,124,0
4403,63,0
4404,61,0
4405,42,0
4406,85,1
4407,93,1
4408,67,1
4409,39,0
4410,25,0
4411,45,0
4412,61,0
4413,47,0
4414,65,0
4415,75,1
4416,109,0
4417,36,0
4418,77,1
4419,54,0
4420,44,0
4421,44,0
4422,86,1
4423,61,1
4424,72,1
4425,69,1
4426,41,1
4427,48,0
4428,118,0
4429,51,0
4430,40,1
4431,148,0
4432,60,1
4433,121,1
4434,164,1
4435,43,1
4436,59,1
4437,92,1
4438,57,0
4439,44,1
4440,106,1
4441,23,0
4442,99,0
4443,58,1
4444,32,0
4445,34,1
4446,116,0
4447,70,0
4448,19,0
4449,69,1
4450,32,1
4451,28,0
4452,51,1
4453,71,0
4454,67,1
4455,12,0
4456,40,0
4457,45,0
4458,63,1
4459,142,0
4460,13,0
4461,63,0
4462,200,0
4463,80,1
4464,36,0
4465,91,0
4466,110,1
4467,53,1
4468,64,0
4469,50,0
4470,36,1
4471,32,1
4472,41,1
4473,15,0
4474,53,1
4475,30,0
4476,41,0
4477,146,1
4478,16,0
4479,45,1
4480,44,1
4481,98,1
4482,41,0
4483,49,1
4484,45,0
4485,69,0
4486,24,0
4487,32,0
4488,18,0
4489,143,0
4490,44,0
4491,60,1
4492,125,0
4493,71,1
4494,94,1
4495,84,1
4496,54,1
4497,87,1
4498,21,1
4499,22,0
4500,26,1
4501,60,1
4502,46,0
4503,53,0
4504,110,0
4505,81,1
4506,58,1
4507,42,1
4508,117,0
4509,56,1
4510,130,1
4511,61,0
4512,34,0
4513,53,1
4514,36,0
4515,37,1
4516,59,1
4517,9,0
4518,75,1
4519,29,0
4520,100,1
4521,65,0
4522,68,0
4523,87,1
4524,96,0
4525,67,1
4526,38,0
4527,36,1
4528,23,0
4529,27,1
4530,107,1
4531,33,1
4532,12,0
4533,26,1
4534,86,1
4535,114,0
4536,39,0
4537,50,0
4538,108,0
4539,99,1
4540,86,1
4541,14,0
4542,26,0
4543,41,0
4544,30,1
4545,28,1
4546,26,0
4547,36,0
4548,37,1
4549,89,0
4550,27,1
4551,47,1
4552,90,1
4553,17,0
4554,41,0
4555,49,0
4556,81,1
4557,49,0
4558,43,0
4559,106,0
4560,93,1
4561,35,0
4562,51,1
4563,57,1
4564,29,0
4565,44,0
4566,98,0
4567,200,0
4568,47,0
4569,71,0
4570,47,1
4571,74,1
4572,63,0
4573,138,0
4574,64,1
4575,118,0
4576,33,0
4577,56,0
4578,89,1
4579,70,1
4580,58,0
4581,160,1
4582,56,1
4583,55,1
4584,115,1
4585,27,0
4586,23,0
4587,66,0
4588,35,1
4589,126,1
4590,87,1
4591,44,0
4592,52,0
4593,52,0
4594,62,1
4595,97,1
4596,38,0
4597,31,0
4598,68,0
4599,10,0
4600,193,0
4601,54,1
4602,78,1
4603,62,0
4604,115,1
4605,54,1
4606,103,1
4607,25,1
4608,31,0
4609,88,0
4610,102,0
4611,90,1
4612,107,1
4613,58,1
4614,71,1
4615,56,0
4616,56,0
4617,35,0
4618,46,1
4619,122,0
4620,62,0
4621,54,0
4622,109,1
4623,39,1
4624,59,0
4625,41,0
4626,36,1
4627,198,1
4628,117,1
4629,57,1
4630,30,1
4631,35,0
4632,66,1
4633,62,0
4634,73,0
4635,70,1
4636,52,1
4637,42,0
4638,30,0
4639,77,0
4640,52,0
4641,56,0
4642,58,1
4643,154,0
4644,46,0
4645,57,0
4646,136,0
4647,61,1
4648,39,0
4649,74,0
4650,145,1
4651,20,0
4652,19,0
4653,19,0
4654,122,0
4655,14,0
4656,63,1
4657,49,1
4658,28,0
4659,117,1
4660,76,1
4661,40,1
4662,11,0
4663,15,0
4664,105,0
4665,80,0
4666,56,1
4667,56,0
4668,55,0
4669,50,0
4670,78,1
4671,70,1
4672,31,0
4673,9,0
4674,176,0
4675,61,1
4676,41,1
4677,37,0
4678,55,1
4679,65,0
4680,113,0
4681,113,0
4682,31,1
4683,74,0
4684,62,1
4685,21,0
4686,102,0
4687,132,0
4688,62,0
4689,136,1
4690,106,0
4691,51,1
4692,75,1
4693,50,0
4694,89,1
4695,19,0
4696,22,1
4697,55,1
4698,31,0
4699,63,1
4700,70,0
4701,110,0
4702,55,1
4703,56,0
4704,23,0
4705,81,0
4706,54,1
4707,61,0
4708,12,0
4709,75,1
4710,52,1
4711,141,0
4712,148,1
4713,13,0
4714,125,0
4715,91,0
4716,48,0
4717,40,1
4718,84,0
4719,83,0
4720,42,1
4721,43,0
4722,39,0
4723,53,1
4724,47,0
4725,99,1
4726,14,0
4727,26,0
4728,200,0
4729,42,1
4730,97,0
4731,138,1
4732,27,0
4733,27,0
4734,35,1
4735,49,0
4736,71,0
4737,53,1
4738,14,0
4739,33,1
4740,24,1
4741,113,1
4742,43,1
4743,37,0
4744,47,0
4745,8,0
4746,29,0
4747,56,1
4748,44,1
4749,58,1
4750,56,0
4751,73,0
4752,27,1
4753,35,0
4754,94,0
4755,67,0
4756,71,0
4757,86,0
4758,45,1
4759,37,0
4760,150,1
4761,34,0
4762,99,0
4763,106,1
4764,171,0
4765,47,1
4766,19,0
4767,84,0
4768,51,0
4769,62,1
4770,117,0
4771,138,0
4772,103,0
4773,75,1
4774,82,0
4775,37,1
4776,62,1
4777,48,1
4778,54,0
4779,67,1
4780,45,0
4781,67,1
4782,29,0
4783,105,0
4784,41,0
4785,53,1
4786,179,1
4787,193,1
4788,30,0
4789,20,0
4790,69,0
4791,57,0
4792,58,0
4793,54,0
4794,50,0
4795,30,0
4796,70,0
4797,35,0
4798,98,1
4799,69,1
4800,46,0
4801,33,0
4802,88,0
4803,62,1
4804,52,1
4805,32,1
4806,107,0
4807,44,0
4808,12,0
4809,124,0
4810,39,0
4811,34,0
4812,28,0
4813,65,1
4814,34,0
4815,34,0
4816,28,0
4817,63,1
4818,50,0
4819,41,0
4820,59,1
4821,22,0
4822,57,1
4823,58,1
4824,55,0
4825,49,0
4826,87,1
4827,23,0
4828,44,1
4829,85,0
4830,71,0
4831,48,1
4832,58,1
4833,39,1
4834,52,0
4835,14,0
4836,130,1
4837,70,0
4838,40,1
4839,57,0
4840,40,0
4841,28,1
4842,50,0
4843,109,1
4844,126,1
4845,57,0
4846,166,1
4847,149,1
4848,16,0
4849,126,1
4850,18,0
4851,18,0
4852,62,1
4853,49,0
4854,42,0
4855,27,1
4856,40,1
4857,200,0
4858,44,1
4859,156,1
4860,89,1
4861,75,0
4862,24,0
4863,75,1
4864,64,1
4865,77,0
4866,55,0
4867,57,1
4868,36,1
4869,65,1
4870,87,0
4871,20,0
4872,58,1
4873,63,0
4874,85,1
4875,76,0
4876,64,0
4877,75,1
4878,52,1
4879,80,1
4880,71,0
4881,103,1
4882,37,1
4883,131,0
4884,35,0
4885,10,0
4886,62,1
4887,31,0
4888,108,1
4889,46,1
4890,61,1
4891,123,0
4892,64,0
4893,47,0
4894,92,0
4895,122,0
4896,42,0
4897,66,1
4898,19,0
4899,122,0
4900,62,0
4901,43,0
4902,15,0
4903,24,0
4904,48,1
4905,68,1
4906,43,0
4907,99,1
4908,20,0
4909,29,1
4910,27,0
4911,77,0
4912,29,0
4913,48,0
4914,54,0
4915,73,0
4916,83,0
4917,59,0
4918,26,1
4919,66,1
4920,16,0
4921,59,0
4922,21,0
4923,56,1
4924,65,0
4925,51,0
4926,29,0
4927,93,1
4928,83,0
4929,38,0
4930,19,0
4931,59,1
4932,19,0
4933,50,1
4934,44,0
4935,30,0
4936,62,0
4937,59,0
4938,39,1
4939,47,0
4940,63,1
4941,29,1
4942,27,0
4943,52,1
4944,115,1
4945,52,0
4946,132,0
4947,25,1
4948,31,0
4949,74,1
4950,32,0
4951,200,0
4952,38,1
4953,24,0
4954,39,0
4955,47,1
4956,83,0
4957,77,1
4958,19,0
4959,51,1
4960,47,0
4961,65,1
4962,75,1
4963,13,0
4964,64,1
4965,62,1
4966,57,0
4967,33,1
4968,44,0
4969,9,0
4970,36,1
4971,63,0
4972,94,0
4973,77,1
4974,38,0
4975,42,1
4976,32,1
4977,67,1
4978,118,1
4979,11,0
4980,54,1
4981,27,0
4982,47,0
4983,50,0
4984,98,1
4985,28,0
4986,42,0
4987,24,0
4988,36,1
4989,140,0
4990,79,1
4991,127,1
4992,89,1
4993,98,0
4994,56,0
4995,64,1
4996,26,0
4997,45,0
4998,71,0
4999,69,0
5000,101,0
5001,36,1
5002,41,0
5003,53,1
5004,87,1
5005,167,0
5006,31,0
5007,50,0
5008,44,0
5009,57,0
5010,65,1
5011,50,1
5012,45,1
5013,27,0
5014,200,0
5015,96,0
5016,44,0
5017,47,0
5018,42,1
5019,31,0
5020,46,0
5021,60,1
5022,65,0
5023,43,1
5024,58,0
5025,58,0
5026,108,0
5027,181,1
5028,59,0
5029,23,0
5030,123,0
5031,14,0
5032,101,1
5033,40,0
5034,44,1
5035,81,1
5036,46,0
5037,53,1
5038,30,0
5039,114,1
5040,38,1
5041,30,1
5042,131,0
5043,39,0
5044,94,0
5045,69,1
5046,32,0
5047,44,0
5048,112,0
5049,60,0
5050,45,0
5051,65,0
5052,55,1
5053,57,0
5054,200,0
5055,80,1
5056,22,0
5057,32,1
5058,53,0
5059,46,0
5060,96,1
5061,53,0
5062,60,0
5063,72,0
5064,45,0
5065,89,1
5066,39,1
5067,83,1
5068,52,1
5069,101,0
5070,47,0
5071,44,0
5072,91,1
5073,11,0
5074,93,0
5075,22,0
5076,47,1
5077,44,1
5078,13,0
5079,47,1
5080,33,1
5081,73,0
5082,200,0
5083,43,1
5084,25,0
5085,45,0
5086,79,0
5087,69,1
5088,65,1
5089,15,0
5090,31,0
5091,21,0
5092,129,0
5093,68,1
5094,63,0
5095,115,0
5096,132,0
5097,84,0
5098,40,1
5099,138,1
5100,74,1
5101,65,0
5102,39,0
5103,103,1
5104,67,1
5105,54,0
5106,30,1
5107,31,1
5108,66,1
5109,31,1
5110,81,0
5111,54,1
5112,32,0
5113,27,1
5114,86,0
5115,40,1
5116,64,0
5117,88,0
5118,68,0
5119,56,0
5120,135,0
5121,68,0
5122,59,1
5123,58,0
5124,51,0
5125,31,0
5126,20,0
5127,61,0
5128,123,0
5129,74,0
5130,50,1
5131,98,0
5132,73,0
5133,76,1
5134,83,1
5135,103,0
5136,39,0
5137,64,0
5138,33,0
5139,107,0
5140,38,0
5141,17,0
5142,46,1
5143,63,0
5144,28,1
5145,200,0
5146,29,0
5147,38,1
5148,58,0
5149,52,1
5150,98,1
5151,36,0
5152,137,0
5153,28,0
5154,66,0
5155,32,0
5156,38,1
5157,74,0
5158,52,0
5159,200,0
5160,45,0
5161,94,0
5162,94,0
5163,60,1
5164,56,1
5165,67,1
5166,40,1
5167,101,1
5168,58,1
5169,26,0
5170,16,0
5171,69,0
5172,146,0
5173,66,1
5174,83,0
5175,50,0
5176,51,1
5177,55,0
5178,64,1
5179,42,1
5180,25,1
5181,108,1
5182,41,0
5183,122,0
5184,93,0
5185,46,0
5186,47,1
5187,32,1
5188,32,1
5189,63,1
5190,113,0
5191,50,1
5192,11,0
5193,76,1
5194,60,0
5195,47,1
5196,36,1
5197,55,0
5198,114,0
5199,60,0
5200,47,1
5201,76,1
5202,51,1
5203,66,1
5204,73,1
5205,35,0
5206,43,0
5207,30,0
5208,55,0
5209,97,1
5210,67,0
5211,41,1
5212,45,0
5213,26,0
5214,48,1
5215,59,1
5216,88,1
5217,48,1
5218,48,1
5219,44,1
5220,19,0
5221,105,0
5222,64,1
5223,86,0
5224,54,0
5225,43,1
5226,96,0
5227,69,1
5228,40,1
5229,75,0
5230,192,0
5231,55,1
5232,11,0
5233,109,0
5234,57,0
5235,37,1
5236,88,1
5237,49,0
5238,31,0
5239,38,0
5240,54,0
5241,28,1
5242,61,1
5243,67,0
5244,20,0
5245,112,0
5246,125,0
5247,9,0
5248,66,1
5249,51,0
5250,56,0
5251,14,0
5252,43,0
5253,50,0
5254,56,0
5255,42,0
5256,87,1
5257,112,1
5258,122,0
5259,67,1
5260,71,1
5261,41,1
5262,56,0
5263,39,0
5264,115,1
5265,13,0
5266,55,0
5267,47,0
5268,170,0
5269,105,0
5270,39,0
5271,47,1
5272,40,0
5273,92,1
5274,12,0
5275,70,0
5276,23,1
5277,20,0
5278,53,0
5279,140,1
5280,59,0
5281,63,0
5282,41,0
5283,72,0
5284,36,1
5285,72,1
5286,74,1
5287,27,0
5288,15,0
5289,96,0
5290,34,1
5291,39,0
5292,200,0
5293,60,0
5294,24,0
5295,48,1
5296,30,1
5297,44,0
5298,103,0
5299,66,1
5300,107,1
5301,42,1
5302,43,1
5303,9,0
5304,115,1
5305,34,0
5306,19,0
5307,101,1
5308,40,1
5309,128,0
5310,86,0
5311,31,0
5312,62,1
5313,24,0
5314,39,0
5315,92,0
5316,44,1
5317,104,0
5318,25,1
5319,40,0
5320,57,0
5321,104,0
5322,88,1
5323,63,1
5324,145,0
5325,88,1
5326,24,1
5327,62,0
5328,168,0
5329,56,1
5330,54,1
5331,17,0
5332,46,1
5333,71,0
5334,51,0
5335,102,1
5336,64,1
5337,34,0
5338,76,1
5339,29,0
5340,61,1
5341,186,1
5342,35,1
5343,122,0
5344,41,0
5345,72,0
5346,77,0
5347,19,0
5348,83,1
5349,54,1
5350,9,0
5351,35,0
5352,60,0
5353,71,1
5354,22,0
5355,133,1
5356,76,1
5357,63,1
5358,24,0
5359,51,1
5360,76,0
5361,60,0
5362,43,0
5363,111,0
5364,39,0
5365,42,1
5366,29,0
5367,54,1
5368,16,0
5369,45,0
5370,36,1
5371,24,0
5372,115,1
5373,56,0
5374,74,0
5375,41,0
5376,53,0
5377,200,0
5378,122,0
5379,119,0
5380,21,0
5381,50,1
5382,16,0
5383,111,1
5384,41,0
5385,59,0
5386,76,1
5387,33,0
5388,87,0
5389,104,0
5390,74,1
5391,57,1
5392,31,0
5393,50,0
5394,26,1
5395,35,0
5396,34,1
5397,56,1
5398,37,0
5399,113,1
5400,116,0
5401,92,1
5402,68,1
5403,150,1
5404,33,0
5405,42,1
5406,80,0
5407,87,0
5408,46,0
5409,28,0
5410,38,0
5411,27,1
5412,32,0
5413,38,0
5414,130,1
5415,61,1
5416,57,1
5417,17,0
5418,18,0
5419,51,0
5420,70,0
5421,96,1
5422,22,0
5423,20,0
5424,67,1
5425,35,1
5426,69,0
5427,45,1
5428,51,0
5429,102,1
5430,10,0
5431,94,1
5432,161,0
5433,68,0
5434,169,1
5435,25,1
5436,48,1
5437,95,1
5438,82,1
5439,50,1
5440,42,0
5441,22,0
5442,51,0
5443,26,0
5444,95,0
5445,18,0
5446,115,1
5447,11,0
5448,27,1
5449,57,1
5450,52,0
5451,21,0
5452,23,0
5453,120,1
5454,84,0
5455,39,0
5456,109,0
5457,35,0
5458,60,1
5459,42,0
5460,22,0
5461,54,0
5462,58,0
5463,73,0
5464,38,0
5465,44,1
5466,58,0
5467,39,0
5468,18,0
5469,135,0
5470,124,1
5471,105,0
5472,73,1
5473,59,0
5474,106,0
5475,136,0
5476,38,0
5477,45,0
5478,53,1
5479,104,0
5480,42,0
5481,91,0
5482,56,1
5483,63,0
5484,61,0
5485,79,0
5486,9,0
5487,62,0
5488,24,0
5489,38,0
5490,59,0
5491,110,1
5492,47,0
5493,28,1
5494,38,0
5495,57,0
5496,40,1
5497,46,0
5498,17,0
5499,68,1
5500,18,0
5501,81,0
5502,73,1
5503,82,1
5504,47,1
5505,28,0
5506,62,1
5507,64,1
5508,18,0
5509,87,0
5510,108,1
5511,82,1
5512,44,0
5513,86,1
5514,35,0
5515,31,0
5516,74,1
5517,43,0
5518,124,0
5519,34,1
5520,126,0
5521,67,0
5522,47,0
5523,17,0
5524,15,0
5525,109,0
5526,57,0
5527,85,0
5528,24,0
5529,46,0
5530,56,0
5531,47,1
5532,44,1
5533,13,0
5534,67,1
5535,33,0
5536,30,0
5537,56,1
5538,34,0
5539,10,0
5540,48,0
5541,25,0
5542,83,1
5543,50,0
5544,39,0
5545,64,0
5546,167,0
5547,61,0
5548,19,0
5549,86,1
5550,24,1
5551,31,0
5552,197,0
5553,48,0
5554,106,1
5555,120,0
5556,44,1
5557,65,1
5558,21,0
5559,64,1
5560,45,0
5561,37,1
5562,72,0
5563,52,1
5564,58,1
5565,55,1
5566,35,0
5567,48,0
5568,71,0
5569,19,0
5570,95,1
5571,97,0
5572,124,0
5573,22,0
5574,68,1
5575,47,1
5576,43,1
5577,38,1
5578,29,0
5579,90,0
5580,41,0
5581,136,0
5582,121,0
5583,99,1
5584,66,1
5585,18,1
5586,31,0
5587,42,0
5588,30,0
5589,26,0
5590,23,0
5591,63,0
5592,30,0
5593,84,1
5594,73,1
5595,23,0
5596,24,1
5597,79,0
5598,58,1
5599,93,0
5600,47,1
5601,20,0
5602,33,1
5603,59,0
5604,109,0
5605,120,1
5606,55,0
5607,182,1
5608,77,1
5609,104,0
5610,13,0
5611,147,1
5612,81,1
5613,21,0
5614,18,0
5615,89,0
5616,40,0
5617,17,0
5618,88,0
5619,32,0
5620,61,0
5621,63,1
5622,34,1
5623,40,1
5624,31,0
5625,115,0
5626,24,0
5627,67,1
5628,31,0
5629,58,0
5630,46,0
5631,29,0
5632,71,1
5633,57,1
5634,35,0
5635,26,0
5636,64,0
5637,70,0
5638,47,0
5639,14,1
5640,48,1
5641,55,0
5642,82,1
5643,111,0
5644,38,0
5645,15,0
5646,57,0
5647,82,1
5648,45,0
5649,28,0
5650,38,1
5651,11,0
5652,33,1
5653,66,0
5654,27,0
5655,61,0
5656,109,0
5657,54,0
5658,54,1
5659,54,0
5660,68,0
5661,40,0
5662,56,0
5663,29,0
5664,85,0
5665,19,0
5666,31,0
5667,77,0
5668,32,1
5669,23,0
5670,24,0
5671,77,1
5672,66,0
5673,70,0
5674,68,1
5675,41,1
5676,51,1
5677,86,0
5678,51,1
5679,162,0
5680,40,1
5681,55,1
5682,35,0
5683,42,0
5684,53,1
5685,57,1
5686,20,0
5687,60,0
5688,56,1
5689,54,0
5690,101,0
5691,38,1
5692,24,0
5693,29,1
5694,60,0
5695,71,1
5696,89,1
5697,52,0
5698,46,0
5699,11,0
5700,103,0
5701,85,0
5702,60,0
5703,57,0
5704,101,0
5705,20,0
5706,33,0
5707,71,1
5708,86,0
5709,111,1
5710,93,0
5711,18,0
5712,14,0
5713,132,1
5714,63,0
5715,193,1
5716,73,0
5717,76,1
5718,119,0
5719,140,0
5720,58,1
5721,33,0
5722,72,0
5723,62,0
5724,29,1
5725,78,1
5726,88,0
5727,79,1
5728,63,0
5729,194,0
5730,81,0
5731,60,0
5732,111,1
5733,30,0
5734,20,0
5735,10,0
5736,59,0
5737,48,1
5738,27,0
5739,62,1
5740,21,1
5741,19,0
5742,65,1
5743,24,0
5744,47,0
5745,33,1
5746,77,0
5747,85,0
5748,55,0
5749,57,1
5750,33,0
5751,16,0
5752,28,0
5753,97,0
5754,34,0
5755,43,1
5756,18,0
5757,54,0
5758,56,1
5759,102,0
5760,191,0
5761,64,0
5762,27,0
5763,69,1
5764,28,0
5765,62,1
5766,49,0
5767,66,1
5768,57,1
5769,19,0
5770,78,0
5771,20,0
5772,73,1
5773,34,1
5774,40,0
5775,10,0
5776,17,0
5777,54,1
5778,72,1
5779,51,0
5780,42,0
5781,62,1
5782,14,0
5783,47,1
5784,45,1
5785,105,0
5786,145,0
5787,32,1
5788,78,0
5789,72,0
5790,43,0
5791,34,0
5792,61,1
5793,19,0
5794,40,1
5795,64,1
5796,76,1
5797,20,0
5798,33,1
5799,66,1
5800,81,1
5801,54,1
5802,64,0
5803,120,0
5804,119,0
5805,42,1
5806,105,0
5807,31,0
5808,82,1
5809,67,0
5810,82,0
5811,44,0
5812,37,0
5813,22,1
5814,11,0
5815,52,0
5816,57,0
5817,122,1
5818,45,1
5819,55,1
5820,30,0
5821,21,0
5822,87,1
5823,63,0
5824,63,0
5825,57,0
5826,100,0
5827,99,0
5828,53,0
5829,101,1
5830,49,0
5831,143,0
5832,42,1
5833,51,1
5834,47,1
5835,75,1
5836,28,0
5837,43,0
5838,76,1
5839,94,1
5840,106,0
5841,119,0
5842,69,1
5843,52,0
5844,106,1
5845,35,1
5846,23,0
5847,115,1
5848,188,0
5849,128,1
5850,35,0
5851,59,0
5852,41,1
5853,75,1
5854,52,1
5855,80,1
5856,73,0
5857,96,1
5858,26,0
5859,65,0
5860,52,1
5861,82,1
5862,25,0
5863,79,1
5864,107,1
5865,70,1
5866,32,0
5867,33,1
5868,50,0
5869,50,1
5870,51,1
5871,53,0
5872,86,1
5873,78,1
5874,9,0
5875,87,0
5876,81,0
5877,173,0
5878,27,0
5879,65,0
5880,133,0
5881,26,0
5882,53,1
5883,48,1
5884,99,0
5885,96,0
5886,26,1
5887,182,0
5888,48,0
5889,39,0
5890,112,0
5891,85,0
5892,15,0
5893,117,1
5894,57,0
5895,47,0
5896,27,0
5897,83,0
5898,64,0
5899,64,0
5900,149,0
5901,60,1
5902,15,0
5903,51,0
5904,53,0
5905,99,0
5906,200,0
5907,67,0
5908,19,0
5909,43,0
5910,32,0
5911,91,1
5912,71,1
5913,43,0
5914,39,1
5915,49,1
5916,40,0
5917,31,0
5918,105,1
5919,38,1
5920,97,1
5921,29,1
5922,72,0
5923,137,0
5924,91,1
5925,44,1
5926,21,0
5927,27,1
5928,72,0
5929,53,0
5930,136,0
5931,137,1
5932,104,1
5933,71,0
5934,40,0
5935,36,0
5936,44,0
5937,101,1
5938,26,1
5939,49,1
5940,26,1
5941,91,0
5942,43,0
5943,56,0
5944,197,1
5945,71,0
5946,18,0
5947,35,0
5948,92,0
5949,25,1
5950,40,1
5951,86,0
5952,32,0
5953,76,1
5954,41,1
5955,64,1
5956,62,1
5957,36,0
5958,67,0
5959,116,1
5960,59,1
5961,33,1
5962,136,0
5963,145,1
5964,76,1
5965,56,0
5966,35,0
5967,61,0
5968,57,1
5969,39,0
5970,64,0
5971,87,1
5972,52,0
5973,46,1
5974,22,0
5975,57,1
5976,41,0
5977,15,0
5978,45,0
5979,22,0
5980,97,1
5981,63,0
5982,36,0
5983,37,0
5984,33,1
5985,102,0
5986,22,0
5987,59,0
5988,45,0
5989,71,0
5990,66,1
5991,109,0
5992,70,0
5993,85,0
5994,35,1
5995,40,1
5996,62,1
5997,63,0
5998,72,1
5999,36,0
6000,45,1
6001,28,0
6002,31,1
6003,41,1
6004,66,1
6005,67,0
6006,15,0
6007,27,1
6008,26,0
6009,68,1
6010,63,1
6011,48,1
6012,54,0
6013,44,0
6014,174,0
6015,45,0
6016,33,1
6017,41,1
6018,62,1
6019,92,1
6020,34,0
6021,83,1
6022,44,0
6023,30,0
6024,129,0
6025,36,1
6026,70,1
6027,75,0
6028,20,0
6029,71,1
6030,45,1
6031,54,0
6032,45,1
6033,34,0
6034,18,0
6035,35,1
6036,15,0
6037,125,1
6038,56,0
6039,32,0
6040,56,0
6041,51,0
6042,73,0
6043,88,0
6044,74,0
6045,34,0
6046,132,1
6047,21,0
6048,35,0
6049,20,0
6050,114,1
6051,15,0
6052,46,1
6053,41,0
6054,91,1
6055,41,0
6056,170,0
6057,53,0
6058,12,0
6059,54,0
6060,74,1
6061,55,1
6062,53,0
6063,131,1
6064,45,0
6065,41,0
6066,62,1
6067,59,1
6068,56,1
6069,101,1
6070,61,1
6071,69,0
6072,144,0
6073,21,0
6074,71,0
6075,40,1
6076,28,0
6077,83,1
6078,109,0
6079,41,0
6080,15,0
6081,28,0
6082,94,1
6083,107,0
6084,34,1
6085,75,1
6086,100,1
6087,45,1
6088,64,0
6089,197,1
6090,29,1
6091,121,0
6092,53,0
6093,124,0
6094,22,0
6095,26,1
6096,66,0
6097,26,0
6098,25,0
6099,47,0
6100,29,0
6101,14,0
6102,99,0
6103,57,1
6104,30,0
6105,32,0
6106,123,1
6107,63,1
6108,33,0
6109,32,1
6110,39,1
6111,45,1
6112,42,1
6113,118,1
6114,41,0
6115,49,0
6116,71,0
6117,75,1
6118,53,1
6119,85,0
6120,68,0
6121,38,1
6122,89,1
6123,55,0
6124,67,1
6125,15,0
6126,53,1
6127,131,1
6128,109,1
6129,32,1
6130,107,0
6131,75,0
6132,111,1
6133,33,0
6134,53,1
6135,116,0
6136,69,1
6137,44,0
6138,33,1
6139,47,1
6140,74,1
6141,125,0
6142,21,0
6143,53,0
6144,62,1
6145,95,0
6146,37,0
6147,35,0
6148,84,0
6149,118,0
6150,47,1
6151,59,0
6152,80,0
6153,77,0
6154,76,1
6155,75,0
6156,40,1
6157,41,1
6158,52,1
6159,50,1
6160,97,1
6161,35,1
6162,45,1
6163,32,1
6164,39,1
6165,31,0
6166,20,0
6167,39,0
6168,59,1
6169,69,1
6170,50,0
6171,51,1
6172,66,0
6173,58,1
6174,57,0
6175,52,1
6176,80,1
6177,15,0
6178,62,1
6179,50,1
6180,90,1
6181,64,1
6182,116,1
6183,54,1
6184,62,0
6185,61,1
6186,81,1
6187,55,1
6188,31,1
6189,54,1
6190,41,0
6191,84,1
6192,64,0
6193,39,0
6194,130,0
6195,30,0
6196,42,0
6197,84,1
6198,18,0
6199,62,1
6200,25,1
6201,99,0
6202,90,1
6203,75,0
6204,83,0
6205,31,0
6206,48,0
6207,102,0
6208,36,0
6209,67,1
6210,49,1
6211,37,0
6212,25,0
6213,41,0
6214,15,0
6215,41,1
6216,22,0
6217,61,1
6218,74,0
6219,66,1
6220,76,1
6221,52,0
6222,91,0
6223,98,1
6224,11,0
6225,15,0
6226,54,0
6227,77,0
6228,104,0
6229,48,0
6230,139,0
6231,61,1
6232,83,0
6233,81,0
6234,46,1
6235,42,1
6236,37,1
6237,117,0
6238,118,0
6239,39,1
6240,40,0
6241,137,1
6242,127,1
6243,59,0
6244,53,1
6245,48,0
6246,79,1
6247,91,1
6248,25,1
6249,10,0
6250,67,0
6251,25,0
6252,39,1
6253,16,0
6254,179,1
6255,24,0
6256,64,1
6257,43,1
6258,87,1
6259,109,0
6260,38,1
6261,52,1
6262,88,0
6263,60,0
6264,36,1
6265,43,0
6266,21,0
6267,37,0
6268,38,1
6269,87,1
6270,55,1
6271,64,1
6272,72,1
6273,46,0
6274,76,0
6275,33,0
6276,97,1
6277,39,1
6278,49,0
6279,20,0
6280,53,0
6281,44,1
6282,98,0
6283,68,0
6284,82,0
6285,43,0
6286,15,0
6287,109,1
6288,60,0
6289,23,1
6290,64,0
6291,63,1
6292,26,1
6293,157,1
6294,32,0
6295,26,0
6296,96,0
6297,30,1
6298,44,0
6299,37,1
6300,133,0
6301,81,1
6302,38,1
6303,122,0
6304,39,1
6305,86,1
6306,57,1
6307,129,0
6308,44,1
6309,62,0
6310,85,0
6311,39,1
6312,97,0
6313,41,0
6314,49,1
6315,55,0
6316,170,1
6317,162,0
6318,69,1
6319,62,1
6320,40,0
6321,35,1
6322,37,0
6323,135,0
6324,57,0
6325,51,0
6326,74,0
6327,38,1
6328,46,1
6329,104,0
6330,16,0
6331,42,0
6332,65,0
6333,62,0
6334,108,0
6335,95,0
6336,29,1
6337,53,1
6338,46,1
6339,45,1
6340,33,1
6341,62,1
6342,71,0
6343,58,0
6344,46,1
6345,76,0
6346,36,0
6347,45,0
6348,42,0
6349,75,0
6350,38,1
6351,156,0
6352,187,1
6353,34,1
6354,49,1
6355,45,0
6356,41,1
6357,62,0
6358,20,0
6359,90,1
6360,50,0
6361,61,0
6362,36,1
6363,84,1
6364,69,1
6365,142,0
6366,58,1
6367,80,1
6368,49,0
6369,65,0
6370,63,1
6371,53,0
6372,42,1
6373,72,1
6374,67,0
6375,112,0
6376,36,0
6377,35,0
6378,27,0
6379,122,0
6380,35,1
6381,47,0
6382,125,1
6383,93,1
6384,36,1
6385,98,1
6386,49,0
6387,40,0
6388,27,1
6389,107,0
6390,20,0
6391,46,0
6392,19,1
6393,32,0
6394,84,1
6395,27,0
6396,74,1
6397,66,1
6398,43,1
6399,54,0
6400,22,0
6401,44,1
6402,28,0
6403,55,0
6404,41,1
6405,65,1
6406,46,1
6407,45,1
6408,46,0
6409,15,0
6410,109,1
6411,54,1
6412,50,0
6413,52,0
6414,39,0
6415,44,1
6416,37,1
6417,14,0
6418,69,1
6419,49,0
6420,99,0
6421,61,1
6422,45,1
6423,74,1
6424,24,1
6425,24,0
6426,14,0
6427,47,0
6428,119,0
6429,13,0
6430,77,1
6431,23,0
6432,34,0
6433,45,0
6434,119,1
6435,38,1
6436,51,1
6437,59,0
6438,9,0
6439,121,1
6440,42,0
6441,67,0
6442,70,0
6443,21,0
6444,121,0
6445,78,1
6446,132,0
6447,61,0
6448,128,0
6449,29,0
6450,48,0
6451,59,1
6452,56,1
6453,46,0
6454,144,0
6455,38,0
6456,91,0
6457,17,0
6458,47,1
6459,36,0
6460,32,0
6461,29,0
6462,64,0
6463,200,0
6464,38,1
6465,57,1
6466,32,0
6467,36,0
6468,108,1
6469,95,0
6470,139,1
6471,46,1
6472,68,0
6473,62,1
6474,36,1
6475,32,1
6476,69,1
6477,52,1
6478,63,0
6479,26,0
6480,40,0
6481,78,0
6482,100,1
6483,96,0
6484,126,0
6485,136,1
6486,44,0
6487,43,0
6488,102,0
6489,40,1
6490,95,1
6491,20,0
6492,74,0
6493,47,1
6494,24,0
6495,29,1
6496,61,0
6497,98,1
6498,55,1
6499,33,0
6500,92,1
6501,58,1
6502,68,1
6503,89,1
6504,152,0
6505,42,0
6506,117,0
6507,82,0
6508,75,0
6509,61,1
6510,94,0
6511,58,0
6512,41,0
6513,77,1
6514,57,0
6515,60,0
6516,63,0
6517,80,1
6518,114,1
6519,66,1
6520,39,0
6521,75,0
6522,43,1
6523,37,1
6524,26,1
6525,107,0
6526,68,0
6527,55,1
6528,25,0
6529,42,1
6530,71,1
6531,75,1
6532,69,1
6533,27,0
6534,56,0
6535,49,0
6536,82,1
6537,72,1
6538,95,0
6539,49,1
6540,97,0
6541,20,0
6542,36,0
6543,66,0
6544,58,0
6545,36,1
6546,66,0
6547,54,0
6548,53,1
6549,54,0
6550,60,0
6551,140,0
6552,99,0
6553,46,0
6554,32,0
6555,73,0
6556,76,0
6557,51,0
6558,84,1
6559,27,0
6560,143,0
6561,160,0
6562,50,1
6563,76,1
6564,73,0
6565,45,1
6566,59,0
6567,21,0
6568,27,0
6569,172,0
6570,87,0
6571,55,0
6572,78,1
6573,133,0
6574,96,0
6575,68,0
6576,14,0
6577,22,0
6578,26,0
6579,19,0
6580,67,0
6581,13,0
6582,48,0
6583,66,1
6584,130,0
6585,22,0
6586,10,0
6587,46,0
6588,83,1
6589,28,0
6590,32,1
6591,73,1
6592,96,1
6593,114,0
6594,33,1
6595,44,1
6596,58,1
6597,48,1
6598,94,1
6599,59,0
6600,75,1
6601,38,1
6602,71,0
6603,74,1
6604,44,0
6605,102,1
6606,92,1
6607,68,0
6608,20,0
6609,143,1
6610,99,1
6611,105,0
6612,35,0
6613,46,0
6614,40,1
6615,46,1
6616,95,1
6617,98,1
6618,71,0
6619,43,1
6620,41,1
6621,40,0
6622,64,0
6623,44,0
6624,44,0
6625,72,1
6626,48,0
6627,20,1
6628,41,1
6629,13,0
6630,30,0
6631,29,1
6632,56,0
6633,103,1
6634,29,1
6635,58,1
6636,132,1
6637,28,1
6638,99,0
6639,52,1
6640,73,1
6641,16,0
6642,29,1
6643,22,0
6644,26,0
6645,41,0
6646,90,0
6647,32,0
6648,101,0
6649,116,1
6650,21,0
6651,49,0
6652,82,0
6653,26,0
6654,40,0
6655,76,1
6656,55,0
6657,87,1
6658,36,0
6659,39,0
6660,54,1
6661,46,0
6662,185,0
6663,134,1
6664,54,0
6665,87,0
6666,36,1
6667,41,1
6668,111,1
6669,68,0
6670,38,0
6671,26,0
6672,32,0
6673,49,1
6674,29,0
6675,101,1
6676,60,0
6677,70,0
6678,135,0
6679,37,0
6680,49,1
6681,46,0
6682,84,0
6683,86,1
6684,108,0
6685,62,0
6686,9,0
6687,19,0
6688,45,1
6689,37,0
6690,61,0
6691,19,0
6692,57,0
6693,57,1
6694,98,0
6695,52,1
6696,11,0
6697,58,0
6698,26,0
6699,28,0
6700,30,0
6701,78,1
6702,95,1
6703,44,0
6704,128,0
6705,36,1
6706,120,1
6707,118,0
6708,76,1
6709,29,0
6710,28,0
6711,67,0
6712,84,1
6713,15,0
6714,110,1
6715,94,0
6716,69,0
6717,33,0
6718,54,0
6719,38,0
6720,47,0
6721,42,1
6722,36,1
6723,71,1
6724,58,0
6725,73,1
6726,66,1
6727,61,0
6728,24,0
6729,44,1
6730,101,1
6731,27,0
6732,177,0
6733,30,0
6734,23,0
6735,23,0
6736,140,1
6737,78,1
6738,78,1
6739,75,1
6740,49,0
6741,29,1
6742,30,0
6743,50,0
6744,37,1
6745,36,0
6746,70,0
6747,96,1
6748,55,0
6749,15,0
6750,62,0
6751,98,0
6752,56,1
6753,56,1
6754,67,0
6755,29,1
6756,59,0
6757,38,0
6758,115,0
6759,44,0
6760,61,1
6761,28,0
6762,49,0
6763,25,0
6764,165,0
6765,27,0
6766,31,0
6767,40,0
6768,140,1
6769,69,0
6770,70,1
6771,42,0
6772,70,0
6773,73,0
6774,44,1
6775,58,0
6776,171,0
6777,23,1
6778,37,1
6779,69,0
6780,32,1
6781,100,0
6782,38,1
6783,66,1
6784,20,0
6785,14,0
6786,61,1
6787,37,0
6788,88,0
6789,22,0
6790,36,0
6791,50,0
6792,13,0
6793,52,0
6794,44,0
6795,115,1
6796,50,1
6797,74,0
6798,38,0
6799,40,1
6800,55,1
6801,53,0
6802,63,0
6803,71,1
6804,157,0
6805,28,0
6806,52,1
6807,73,0
6808,58,0
6809,109,0
6810,25,0
6811,39,0
6812,55,1
6813,22,0
6814,45,0
6815,67,0
6816,41,0
6817,63,0
6818,28,0
6819,51,0
6820,34,0
6821,161,1
6822,71,1
6823,18,0
6824,37,1
6825,53,1
6826,78,1
6827,45,0
6828,120,1
6829,175,0
6830,72,1
6831,21,0
6832,7,0
6833,92,0
6834,31,0
6835,51,1
6836,55,0
6837,87,0
6838,64,1
6839,80,0
6840,49,0
6841,47,1
6842,161,0
6843,7,0
6844,37,0
6845,57,0
6846,9,0
6847,90,1
6848,40,1
6849,46,1
6850,68,1
6851,44,0
6852,66,1
6853,33,1
6854,117,1
6855,58,1
6856,27,1
6857,83,0
6858,48,1
6859,27,0
6860,119,1
6861,100,0
6862,50,1
6863,41,0
6864,60,1
6865,30,1
6866,105,1
6867,166,0
6868,115,0
6869,35,0
6870,169,0
6871,112,1
6872,104,0
6873,66,1
6874,48,0
6875,25,0
6876,117,1
6877,35,1
6878,76,0
6879,93,0
6880,42,1
6881,91,0
6882,30,1
6883,32,0
6884,70,1
6885,51,1
6886,45,1
6887,38,1
6888,15,0
6889,80,1
6890,51,0
6891,31,0
6892,53,0
6893,60,0
6894,77,1
6895,52,0
6896,65,1
6897,27,1
6898,57,1
6899,111,0
6900,28,0
6901,88,0
6902,68,0
6903,12,0
6904,20,1
6905,43,0
6906,159,1
6907,53,1
6908,59,0
6909,44,0
6910,17,0
6911,58,0
6912,37,0
6913,53,0
6914,69,0
6915,123,1
6916,118,0
6917,93,0
6918,24,0
6919,68,1
6920,46,0
6921,88,1
6922,83,1
6923,116,1
6924,43,0
6925,54,0
6926,46,1
6927,20,0
6928,50,1
6929,22,0
6930,21,0
6931,51,1
6932,112,1
6933,72,0
6934,29,1
6935,31,1
6936,114,0
6937,54,0
6938,47,1
6939,29,1
6940,26,0
6941,31,0
6942,72,1
6943,11,0
6944,84,0
6945,62,1
6946,25,0
6947,29,0
6948,72,0
6949,10,0
6950,67,1
6951,31,0
6952,53,1
6953,36,1
6954,11,0
6955,63,0
6956,92,0
6957,110,0
6958,33,0
6959,31,0
6960,82,1
6961,35,0
6962,79,1
6963,66,1
6964,32,0
6965,200,0
6966,45,0
6967,18,0
6968,97,1
6969,39,1
6970,151,1
6971,78,0
6972,76,1
6973,77,1
6974,73,1
6975,71,1
6976,23,0
6977,93,1
6978,74,0
6979,130,0
6980,41,1
6981,103,0
6982,39,1
6983,54,0
6984,39,0
6985,21,0
6986,47,0
6987,70,1
6988,25,0
6989,41,0
6990,38,0
6991,42,1
6992,60,1
6993,113,0
6994,87,1
6995,140,0
6996,79,1
6997,43,0
6998,51,1
6999,81,1
7000,35,1
7001,44,1
7002,23,0
7003,35,1
7004,21,0
7005,94,1
7006,15,0
7007,28,0
7008,18,0
7009,49,0
7010,39,1
7011,43,0
7012,157,0
7013,43,1
7014,20,0
7015,39,0
7016,30,0
7017,62,0
7018,21,0
7019,27,0
7020,47,1
7021,63,1
7022,200,0
7023,111,1
7024,44,1
7025,9,0
7026,171,0
7027,58,0
7028,77,1
7029,45,1
7030,58,1
7031,52,0
7032,44,1
7033,159,0
7034,52,1
7035,39,1
7036,111,0
7037,22,0
7038,79,1
7039,55,0
7040,44,0
7041,112,1
7042,80,1
7043,65,0
7044,38,1
7045,57,0
7046,81,1
7047,13,0
7048,68,1
7049,145,1
7050,30,0
7051,57,0
7052,32,1
7053,153,0
7054,44,1
7055,61,1
7056,43,1
7057,51,0
7058,48,0
7059,73,1
7060,35,1
7061,105,1
7062,22,0
7063,74,1
7064,68,0
7065,58,0
7066,131,1
7067,38,0
7068,40,0
7069,93,0
7070,87,0
7071,23,1
7072,111,0
7073,12,0
7074,70,1
7075,200,0
7076,51,0
7077,62,0
7078,60,1
7079,17,0
7080,79,0
7081,35,0
7082,96,0
7083,45,1
7084,71,1
7085,28,0
7086,96,1
7087,48,0
7088,29,0
7089,61,1
7090,54,0
7091,46,0
7092,75,1
7093,62,1
7094,125,1
7095,105,1
7096,39,0
7097,24,0
7098,16,0
7099,89,0
7100,42,0
7101,91,0
7102,34,1
7103,75,1
7104,12,0
7105,63,0
7106,172,1
7107,51,0
7108,80,0
7109,41,0
7110,43,0
7111,38,1
7112,97,1
7113,66,1
7114,19,0
7115,49,1
7116,91,0
7117,42,0
7118,30,0
7119,14,0
7120,152,0
7121,87,1
7122,32,0
7123,18,0
7124,51,1
7125,82,1
7126,51,0
7127,28,0
7128,63,0
7129,76,0
7130,89,0
7131,48,1
7132,99,1
7133,110,0
7134,34,1
7135,61,1
7136,22,1
7137,80,1
7138,78,0
7139,45,1
7140,37,0
7141,70,1
7142,149,1
7143,44,1
7144,43,0
7145,60,0
7146,77,0
7147,98,0
7148,46,0
7149,24,0
7150,54,1
7151,55,1
7152,10,0
7153,46,1
7154,151,1
7155,49,1
7156,35,1
7157,66,1
7158,200,0
7159,27,1
7160,11,0
7161,200,0
7162,127,0
7163,31,1
7164,49,1
7165,36,0
7166,31,0
7167,53,1
7168,38,0
7169,52,1
7170,54,0
7171,174,0
7172,34,0
7173,37,0
7174,110,0
7175,64,1
7176,64,1
7177,34,1
7178,102,1
7179,56,1
7180,138,1
7181,85,0
7182,90,1
7183,107,1
7184,21,1
7185,123,0
7186,175,1
7187,111,1
7188,23,0
7189,58,0
7190,66,1
7191,56,1
7192,52,1
7193,39,0
7194,89,1
7195,19,0
7196,37,1
7197,76,1
7198,104,1
7199,67,1
7200,20,0
7201,31,0
7202,75,1
7203,100,0
7204,93,0
7205,46,0
7206,99,1
7207,86,1
7208,27,0
7209,61,1
7210,64,0
7211,88,0
7212,77,0
7213,56,1
7214,29,0
7215,45,0
7216,103,1
7217,29,0
7218,148,1
7219,89,0
7220,61,0
7221,79,1
7222,47,0
7223,58,0
7224,65,0
7225,131,1
7226,200,0
7227,18,0
7228,56,0
7229,175,0
7230,101,1
7231,93,1
7232,42,1
7233,55,0
7234,23,1
7235,84,1
7236,50,1
7237,43,1
7238,28,0
7239,52,0
7240,16,0
7241,120,1
7242,15,0
7243,50,0
7244,36,1
7245,23,0
7246,18,0
7247,35,0
7248,39,0
7249,30,1
7250,73,1
7251,128,1
7252,38,1
7253,62,1
7254,92,1
7255,77,0
7256,78,1
7257,53,1
7258,62,0
7259,48,1
7260,33,0
7261,42,1
7262,115,1
7263,37,1
7264,54,1
7265,48,1
7266,51,1
7267,98,0
7268,150,0
7269,60,1
7270,92,0
7271,105,0
7272,57,0
7273,45,1
7274,35,0
7275,51,1
7276,76,0
7277,57,1
7278,172,0
7279,40,0
7280,40,0
7281,186,0
7282,81,0
7283,32,0
7284,65,0
7285,33,1
7286,67,1
7287,31,1
7288,123,1
7289,80,1
7290,57,0
7291,81,1
7292,34,0
7293,27,0
7294,58,0
7295,53,0
7296,48,1
7297,139,1
7298,42,1
7299,14,0
7300,69,0
7301,197,1
7302,34,1
7303,134,0
7304,108,0
7305,24,0
7306,75,1
7307,46,0
7308,38,1
7309,65,1
7310,58,1
7311,57,1
7312,29,1
7313,16,0
7314,45,1
7315,32,1
7316,25,0
7317,63,1
7318,39,0
7319,15,0
7320,77,0
7321,67,0
7322,53,0
7323,93,1
7324,146,1
7325,47,0
7326,127,1
7327,54,0
7328,12,0
7329,90,1
7330,32,0
7331,31,0
7332,65,0
7333,30,0
7334,43,1
7335,14,0
7336,121,0
7337,81,0
7338,35,0
7339,85,0
7340,52,1
7341,71,1
7342,147,0
7343,31,0
7344,80,1
7345,114,0
7346,57,1
7347,183,1
7348,98,0
7349,75,0
7350,88,1
7351,98,0
7352,99,1
7353,79,0
7354,43,0
7355,24,0
7356,53,0
7357,87,1
7358,53,1
7359,48,0
7360,22,0
7361,64,0
7362,34,0
7363,72,1
7364,63,1
7365,61,0
7366,35,1
7367,66,0
7368,145,1
7369,51,1
7370,19,0
7371,81,0
7372,193,0
7373,186,0
7374,77,1
7375,65,0
7376,40,0
7377,73,1
7378,103,1
7379,49,1
7380,16,0
7381,31,0
7382,60,1
7383,66,0
7384,48,0
7385,46,1
7386,80,1
7387,47,0
7388,70,0
7389,67,1
7390,48,1
7391,12,0
7392,56,1
7393,49,0
7394,127,1
7395,44,0
7396,89,1
7397,39,0
7398,44,0
7399,64,0
7400,55,1
7401,46,0
7402,31,0
7403,70,0
7404,41,1
7405,41,1
7406,18,0
7407,63,0
7408,46,1
7409,87,0
7410,130,0
7411,129,0
7412,24,0
7413,95,0
7414,51,1
7415,19,0
7416,155,0
7417,40,1
7418,101,1
7419,68,1
7420,28,1
7421,30,0
7422,39,1
7423,33,1
7424,58,0
7425,47,1
7426,126,0
7427,25,0
7428,37,1
7429,103,1
7430,139,0
7431,28,1
7432,74,0
7433,51,0
7434,19,1
7435,42,1
7436,56,1
7437,45,1
7438,51,0
7439,17,0
7440,48,1
7441,38,0
7442,116,0
7443,45,0
7444,200,0
7445,200,0
7446,76,1
7447,85,1
7448,44,0
7449,23,0
7450,59,1
7451,44,0
7452,54,1
7453,70,0
7454,108,0
7455,51,1
7456,15,0
7457,27,0
7458,40,1
7459,133,1
7460,42,0
7461,47,0
7462,51,1
7463,47,1
7464,107,0
7465,39,1
7466,37,0
7467,47,1
7468,132,1
7469,40,0
7470,70,0
7471,55,1
7472,22,1
7473,60,1
7474,60,1
7475,85,1
7476,74,1
7477,27,0
7478,31,0
7479,43,1
7480,73,1
7481,69,0
7482,31,0
7483,162,0
7484,53,0
7485,139,1
7486,40,1
7487,30,0
7488,82,1
7489,17,0
7490,42,1
7491,53,1
7492,36,0
7493,72,1
7494,75,1
7495,75,1
7496,41,0
7497,117,1
7498,140,1
7499,33,0
7500,92,1
7501,55,0
7502,76,0
7503,32,0
7504,82,0
7505,39,0
7506,46,1
7507,91,0
7508,35,0
7509,34,0
7510,52,0
7511,34,0
7512,100,1
7513,42,0
7514,34,0
7515,177,0
7516,35,0
7517,55,0
7518,41,0
7519,85,1
7520,58,0
7521,134,0
7522,18,0
7523,18,0
7524,27,0
7525,77,1
7526,13,0
7527,66,0
7528,28,1
7529,124,0
7530,80,0
7531,144,0
7532,51,1
7533,46,0
7534,71,1
7535,23,0
7536,49,1
7537,149,0
7538,33,1
7539,36,0
7540,76,0
7541,59,0
7542,31,0
7543,35,0
7544,36,0
7545,84,1
7546,54,0
7547,139,0
7548,51,0
7549,32,0
7550,66,0
7551,143,0
7552,56,1
7553,53,0
7554,40,1
7555,25,0
7556,110,1
7557,41,0
7558,71,1
7559,60,1
7560,56,0
7561,55,0
7562,76,0
7563,43,1
7564,32,0
7565,58,1
7566,84,0
7567,78,1
7568,117,0
7569,35,0
7570,19,0
7571,27,0
7572,36,0
7573,15,0
7574,89,1
7575,120,1
7576,12,0
7577,59,0
7578,135,1
7579,20,0
7580,71,0
7581,137,0
7582,27,0
7583,38,1
7584,21,0
7585,58,1
7586,130,1
7587,40,0
7588,45,0
7589,11,0
7590,28,0
7591,42,0
7592,55,0
7593,111,0
7594,81,1
7595,66,1
7596,62,0
7597,95,1
7598,31,0
7599,36,1
7600,72,1
7601,83,1
7602,76,1
7603,35,0
7604,39,0
7605,41,1
7606,17,0
7607,129,0
7608,50,0
7609,60,1
7610,121,0
7611,42,0
7612,47,0
7613,26,0
7614,52,0
7615,43,0
7616,114,0
7617,16,0
7618,109,0
7619,130,0
7620,54,0
7621,115,0
7622,75,0
7623,50,1
7624,48,1
7625,47,0
7626,52,0
7627,80,1
7628,31,1
7629,96,0
7630,82,1
7631,47,0
7632,44,0
7633,68,0
7634,21,0
7635,100,1
7636,44,0
7637,49,0
7638,58,1
7639,31,1
7640,70,0
7641,54,0
7642,28,0
7643,59,1
7644,47,1
7645,58,0
7646,26,0
7647,79,0
7648,81,1
7649,12,0
7650,22,1
7651,51,0
7652,42,0
7653,137,0
7654,35,0
7655,101,1
7656,66,1
7657,35,0
7658,31,0
7659,81,1
7660,29,0
7661,64,1
7662,123,0
7663,142,1
7664,41,1
7665,32,0
7666,14,0
7667,16,0
7668,58,1
7669,84,1
7670,200,0
7671,157,0
7672,146,0
7673,58,1
7674,38,0
7675,38,1
7676,36,0
7677,38,0
7678,58,1
7679,22,0
7680,42,1
7681,155,0
7682,60,1
7683,9,0
7684,43,1
7685,44,0
7686,97,0
7687,101,1
7688,73,1
7689,38,0
7690,54,0
7691,33,1
7692,104,0
7693,57,0
7694,15,0
7695,114,0
7696,57,1
7697,78,1
7698,97,0
7699,26,0
7700,72,1
7701,34,0
7702,120,1
7703,38,1
7704,38,1
7705,89,1
7706,45,1
7707,82,0
7708,36,0
7709,28,0
7710,200,0
7711,69,1
7712,60,0
7713,31,0
7714,120,0
7715,39,1
7716,95,0
7717,33,0
7718,77,1
7719,56,1
7720,76,1
7721,23,1
7722,27,0
7723,77,1
7724,60,1
7725,60,1
7726,73,0
7727,12,0
7728,110,0
7729,40,0
7730,39,1
7731,122,0
7732,90,1
7733,106,1
7734,26,0
7735,25,0
7736,53,1
7737,47,0
7738,103,1
7739,57,1
7740,77,0
7741,54,0
7742,71,0
7743,42,1
7744,35,1
7745,35,0
7746,37,1
7747,181,0
7748,17,0
7749,31,0
7750,26,1
7751,57,1
7752,135,0
7753,92,0
7754,100,1
7755,44,0
7756,65,0
7757,58,0
7758,35,1
7759,70,1
7760,37,1
7761,66,1
7762,43,1
7763,30,0
7764,97,0
7765,82,0
7766,18,0
7767,41,0
7768,73,0
7769,71,0
7770,70,1
7771,128,1
7772,23,0
7773,45,0
7774,35,0
7775,67,0
7776,80,1
7777,70,1
7778,21,1
7779,39,1
7780,31,1
7781,45,0
7782,87,0
7783,26,1
7784,165,1
7785,80,0
7786,42,0
7787,32,0
7788,57,0
7789,69,1
7790,37,1
7791,37,0
7792,90,1
7793,115,0
7794,97,1
7795,88,1
7796,54,0
7797,44,0
7798,39,0
7799,57,0
7800,29,1
7801,44,0
7802,43,1
7803,27,0
7804,98,0
7805,86,1
7806,11,0
7807,110,0
7808,87,0
7809,160,0
7810,49,1
7811,49,1
7812,135,1
7813,75,1
7814,181,1
7815,67,0
7816,28,0
7817,20,1
7818,30,0
7819,85,0
7820,115,1
7821,99,0
7822,22,0
7823,22,1
7824,66,1
7825,44,0
7826,35,1
7827,38,0
7828,122,0
7829,46,0
7830,34,1
7831,58,0
7832,123,0
7833,104,1
7834,40,0
7835,38,0
7836,24,0
7837,23,0
7838,75,1
7839,33,1
7840,39,0
7841,74,1
7842,33,0
7843,47,1
7844,24,0
7845,73,0
7846,67,0
7847,133,0
7848,15,0
7849,47,1
7850,44,0
7851,32,1
7852,50,0
7853,99,1
7854,57,0
7855,32,0
7856,160,1
7857,76,1
7858,86,0
7859,31,1
7860,79,1
7861,16,1
7862,80,0
7863,64,0
7864,41,0
7865,73,0
7866,52,1
7867,104,0
7868,63,1
7869,45,0
7870,62,1
7871,47,0
7872,30,0
7873,79,1
7874,117,0
7875,84,1
7876,104,1
7877,127,0
7878,31,1
7879,45,0
7880,27,0
7881,122,0
7882,46,0
7883,23,1
7884,37,0
7885,66,0
7886,66,0
7887,21,0
7888,83,1
7889,139,0
7890,71,0
7891,98,1
7892,107,1
7893,68,0
7894,54,0
7895,85,1
7896,43,1
7897,29,1
7898,45,0
7899,37,0
7900,34,1
7901,35,1
7902,41,0
7903,84,0
7904,68,1
7905,36,1
7906,83,1
7907,68,0
7908,20,0
7909,50,0
7910,78,1
7911,30,0
7912,56,0
7913,47,0
7914,82,1
7915,68,1
7916,17,0
7917,9,0
7918,43,0
7919,37,1
7920,65,0
7921,20,0
7922,37,1
7923,35,1
7924,52,0
7925,98,1
7926,55,0
7927,11,0
7928,107,1
7929,65,1
7930,30,0
7931,48,0
7932,50,1
7933,73,0
7934,87,1
7935,18,0
7936,44,1
7937,69,1
7938,30,0
7939,54,0
7940,34,0
7941,74,1
7942,63,0
7943,71,0
7944,62,1
7945,31,0
7946,94,0
7947,36,0
7948,59,0
7949,56,0
7950,110,1
7951,110,1
7952,98,0
7953,87,0
7954,38,1
7955,200,0
7956,58,1
7957,49,1
7958,17,0
7959,55,1
7960,62,1
7961,183,0
7962,23,0
7963,46,1
7964,37,0
7965,45,0
7966,41,0
7967,34,0
7968,73,1
7969,28,0
7970,35,0
7971,39,0
7972,41,0
7973,113,1
7974,115,1
7975,138,0
7976,120,1
7977,55,1
7978,130,1
7979,20,0
7980,174,0
7981,72,0
7982,75,1
7983,65,1
7984,100,0
7985,47,0
7986,108,0
7987,58,1
7988,102,0
7989,57,0
7990,35,0
7991,72,0
7992,80,0
7993,53,0
7994,27,0
7995,79,0
7996,98,0
7997,55,0
7998,19,0
7999,196,0
8000,45,1
8001,60,0
8002,30,0
8003,81,0
8004,53,0
8005,22,0
8006,82,1
8007,57,1
8008,88,1
8009,11,0
8010,13,0
8011,45,1
8012,164,1
8013,88,0
8014,197,1
8015,55,0
8016,34,1
8017,132,1
8018,77,1
8019,37,1
8020,44,0
8021,90,1
8022,30,0
8023,103,0
8024,20,0
8025,95,1
8026,33,1
8027,58,1
8028,48,1
8029,27,0
8030,92,1
8031,64,0
8032,69,0
8033,56,0
8034,26,1
8035,40,0
8036,38,0
8037,100,0
8038,17,0
8039,200,0
8040,59,1
8041,36,0
8042,64,0
8043,175,0
8044,98,1
8045,68,1
8046,69,1
8047,87,1
8048,35,0
8049,31,0
8050,45,0
8051,105,0
8052,130,0
8053,84,0
8054,90,0
8055,52,0
8056,30,1
8057,65,1
8058,43,0
8059,200,0
8060,100,0
8061,43,1
8062,101,0
8063,81,0
8064,81,0
8065,85,0
8066,49,1
8067,103,0
8068,27,1
8069,35,0
8070,85,0
8071,102,0
8072,52,1
8073,26,1
8074,57,1
8075,66,1
8076,29,0
8077,52,0
8078,23,0
8079,71,1
8080,65,0
8081,141,0
8082,60,1
8083,43,1
8084,65,0
8085,80,0
8086,13,0
8087,69,1
8088,123,1
8089,68,0
8090,30,0
8091,40,1
8092,91,1
8093,77,0
8094,32,0
8095,41,0
8096,131,0
8097,54,1
8098,86,1
8099,39,0
8100,92,1
8101,79,0
8102,88,0
8103,13,0
8104,115,1
8105,24,1
8106,34,1
8107,25,0
8108,45,0
8109,112,0
8110,28,0
8111,53,0
8112,104,1
8113,143,1
8114,149,1
8115,136,0
8116,23,0
8117,28,1
8118,43,0
8119,48,0
8120,129,0
8121,136,0
8122,11,0
8123,73,0
8124,121,0
8125,112,1
8126,78,1
8127,88,1
8128,24,0
8129,22,0
8130,36,1
8131,15,0
8132,41,0
8133,61,0
8134,71,0
8135,42,1
8136,51,0
8137,64,1
8138,166,0
8139,43,1
8140,41,1
8141,30,0
8142,102,0
8143,60,0
8144,71,1
8145,54,1
8146,78,1
8147,85,1
8148,145,0
8149,11,0
8150,26,1
8151,75,0
8152,69,1
8153,32,1
8154,25,0
8155,53,0
8156,12,0
8157,50,1
8158,65,1
8159,9,0
8160,19,0
8161,171,1
8162,47,1
8163,54,1
8164,33,1
8165,94,1
8166,43,1
8167,48,0
8168,44,1
8169,80,1
8170,110,0
8171,34,0
8172,35,0
8173,45,1
8174,84,0
8175,75,0
8176,52,1
8177,102,1
8178,58,1
8179,129,0
8180,65,1
8181,37,1
8182,60,1
8183,13,0
8184,22,0
8185,45,1
8186,164,0
8187,9,0
8188,45,1
8189,56,1
8190,35,1
8191,31,0
8192,79,1
8193,78,0
8194,82,1
8195,45,1
8196,45,0
8197,58,0
8198,79,1
8199,56,0
8200,29,0
8201,62,1
8202,61,1
8203,154,1
8204,147,0
8205,33,0
8206,159,1
8207,66,1
8208,60,1
8209,46,0
8210,82,1
8211,45,0
8212,24,0
8213,56,0
8214,87,0
8215,87,1
8216,83,0
8217,44,0
8218,46,1
8219,160,1
8220,71,0
8221,77,0
8222,56,0
8223,162,1
8224,26,0
8225,99,1
8226,17,0
8227,14,0
8228,56,0
8229,52,1
8230,53,1
8231,50,0
8232,98,1
8233,118,0
8234,64,0
8235,82,0
8236,86,0
8237,186,1
8238,136,0
8239,69,1
8240,43,0
8241,44,0
8242,99,0
8243,49,0
8244,18,0
8245,57,1
8246,140,1
8247,32,0
8248,47,0
8249,64,0
8250,59,1
8251,14,0
8252,30,0
8253,82,1
8254,33,0
8255,72,1
8256,116,0
8257,76,1
8258,89,1
8259,76,1
8260,68,1
8261,10,0
8262,38,1
8263,61,1
8264,77,0
8265,55,1
8266,96,1
8267,41,0
8268,75,1
8269,29,0
8270,53,1
8271,53,0
8272,99,1
8273,28,1
8274,42,0
8275,43,0
8276,36,0
8277,27,0
8278,36,0
8279,17,0
8280,38,0
8281,66,0
8282,51,1
8283,29,1
8284,92,1
8285,43,0
8286,129,1
8287,43,0
8288,103,1
8289,76,1
8290,38,0
8291,19,0
8292,54,0
8293,32,1
8294,50,0
8295,127,1
8296,56,0
8297,99,0
8298,58,0
8299,61,1
8300,55,0
8301,117,0
8302,55,0
8303,55,0
8304,82,0
8305,161,1
8306,55,0
8307,37,1
8308,73,1
8309,24,0
8310,13,0
8311,58,1
8312,30,0
8313,33,1
8314,122,1
8315,56,1
8316,18,0
8317,25,1
8318,134,1
8319,167,0
8320,66,1
8321,42,0
8322,55,1
8323,70,0
8324,28,1
8325,50,1
8326,67,0
8327,37,0
8328,66,0
8329,92,1
8330,56,0
8331,35,0
8332,34,0
8333,7,0
8334,74,1
8335,48,0
8336,34,1
8337,21,0
8338,190,1
8339,57,0
8340,59,1
8341,129,1
8342,131,0
8343,37,1
8344,47,1
8345,36,0
8346,45,0
8347,70,0
8348,29,0
8349,71,0
8350,35,1
8351,30,0
8352,42,0
8353,72,1
8354,47,1
8355,54,0
8356,31,0
8357,50,1
8358,120,0
8359,70,1
8360,75,0
8361,77,1
8362,98,0
8363,57,1
8364,36,1
8365,81,0
8366,23,0
8367,79,1
8368,71,1
8369,102,0
8370,63,1
8371,70,1
8372,200,0
8373,60,1
8374,110,0
8375,134,0
8376,39,1
8377,200,0
8378,41,1
8379,89,1
8380,49,1
8381,17,0
8382,67,0
8383,114,0
8384,200,0
8385,48,0
8386,9,0
8387,145,0
8388,82,0
8389,17,0
8390,125,0
8391,62,0
8392,49,0
8393,52,0
8394,77,0
8395,81,1
8396,40,1
8397,120,0
8398,137,1
8399,52,0
8400,79,0
8401,60,0
8402,38,0
8403,142,0
8404,55,1
8405,71,1
8406,83,0
8407,130,0
8408,133,1
8409,24,0
8410,39,0
8411,73,0
8412,15,0
8413,56,0
8414,88,0
8415,105,0
8416,69,1
8417,106,1
8418,42,1
8419,78,0
8420,61,0
8421,58,0
8422,30,0
8423,72,1
8424,29,0
8425,87,1
8426,41,1
8427,42,0
8428,17,0
8429,132,1
8430,29,1
8431,69,0
8432,68,1
8433,8,0
8434,44,0
8435,39,0
8436,58,0
8437,44,1
8438,32,0
8439,15,0
8440,74,1
8441,73,1
8442,18,0
8443,90,0
8444,51,0
8445,38,0
8446,130,1
8447,48,0
8448,61,1
8449,65,1
8450,43,1
8451,56,0
8452,33,0
8453,55,1
8454,29,0
8455,105,0
8456,157,1
8457,53,0
8458,91,0
8459,36,1
8460,48,1
8461,65,1
8462,19,0
8463,89,1
8464,57,0
8465,55,0
8466,51,0
8467,21,0
8468,55,0
8469,46,0
8470,123,1
8471,106,0
8472,19,0
8473,70,0
8474,89,0
8475,31,0
8476,74,0
8477,95,0
8478,24,0
8479,55,1
8480,34,0
8481,32,0
8482,45,0
8483,15,0
8484,77,1
8485,30,1
8486,67,1
8487,99,1
8488,36,0
8489,86,0
8490,46,0
8491,131,1
8492,26,0
8493,37,1
8494,49,0
8495,141,0
8496,15,0
8497,71,0
8498,68,1
8499,32,0
8500,39,1
8501,67,0
8502,9,0
8503,55,1
8504,77,1
8505,73,1
8506,84,1
8507,26,0
8508,61,0
8509,65,0
8510,15,0
8511,50,1
8512,98,0
8513,65,0
8514,36,0
8515,115,0
8516,22,0
8517,58,1
8518,48,1
8519,113,1
8520,39,0
8521,180,0
8522,13,0
8523,70,0
8524,95,0
8525,104,0
8526,85,0
8527,35,0
8528,71,0
8529,30,1
8530,47,0
8531,53,0
8532,50,1
8533,79,0
8534,92,0
8535,52,1
8536,41,0
8537,60,1
8538,86,0
8539,8,0
8540,57,0
8541,17,0
8542,48,0
8543,34,0
8544,142,1
8545,75,0
8546,11,0
8547,63,1
8548,70,1
8549,27,0
8550,56,0
8551,35,0
8552,82,0
8553,71,0
8554,82,0
8555,66,0
8556,42,1
8557,123,1
8558,39,1
8559,60,0
8560,27,0
8561,54,0
8562,34,0
8563,122,0
8564,84,0
8565,46,1
8566,56,1
8567,68,1
8568,181,0
8569,24,0
8570,55,0
8571,60,1
8572,72,1
8573,41,1
8574,86,1
8575,47,0
8576,107,1
8577,56,0
8578,73,0
8579,50,0
8580,85,0
8581,69,0
8582,44,0
8583,32,0
8584,104,1
8585,54,1
8586,83,1
8587,76,0
8588,48,1
8589,47,0
8590,56,0
8591,100,0
8592,92,0
8593,36,0
8594,31,0
8595,61,1
8596,24,0
8597,104,0
8598,94,1
8599,53,1
8600,52,1
8601,42,0
8602,58,0
8603,41,1
8604,42,0
8605,35,1
8606,64,1
8607,55,1
8608,47,1
8609,63,1
8610,89,1
8611,98,1
8612,45,0
8613,16,0
8614,44,1
8615,27,0
8616,68,0
8617,65,0
8618,34,0
8619,83,0
8620,56,0
8621,39,1
8622,36,0
8623,35,1
8624,38,0
8625,44,0
8626,93,1
8627,63,1
8628,60,1
8629,36,0
8630,141,0
8631,96,1
8632,112,0
8633,50,0
8634,119,1
8635,40,0
8636,49,1
8637,85,0
8638,53,1
8639,68,1
8640,39,0
8641,83,1
8642,36,1
8643,60,0
8644,29,0
8645,39,1
8646,12,0
8647,21,0
8648,92,0
8649,109,0
8650,34,0
8651,91,0
8652,139,1
8653,39,1
8654,54,1
8655,139,1
8656,46,0
8657,9,0
8658,36,1
8659,79,0
8660,69,0
8661,69,1
8662,118,0
8663,16,0
8664,68,0
8665,56,1
8666,56,1
8667,134,0
8668,103,1
8669,83,0
8670,124,0
8671,58,0
8672,22,0
8673,126,1
8674,37,0
8675,36,0
8676,47,0
8677,75,0
8678,28,0
8679,184,1
8680,58,0
8681,31,0
8682,26,0
8683,26,0
8684,146,0
8685,92,1
8686,45,1
8687,9,0
8688,43,1
8689,109,1
8690,63,0
8691,30,0
8692,118,1
8693,33,0
8694,51,1
8695,128,1
8696,157,0
8697,19,0
8698,70,0
8699,33,0
8700,83,0
8701,111,1
8702,34,0
8703,99,1
8704,81,0
8705,23,0
8706,67,0
8707,71,1
8708,32,0
8709,22,0
8710,111,0
8711,58,0
8712,71,0
8713,57,1
8714,64,0
8715,76,0
8716,181,1
8717,40,0
8718,41,1
8719,109,0
8720,66,1
8721,104,1
8722,135,0
8723,84,1
8724,41,0
8725,52,1
8726,64,1
8727,38,0
8728,61,1
8729,31,0
8730,57,0
8731,43,1
8732,85,1
8733,53,0
8734,94,0
8735,15,0
8736,52,0
8737,59,0
8738,95,1
8739,82,1
8740,36,0
8741,65,0
8742,79,1
8743,110,0
8744,32,1
8745,89,1
8746,42,1
8747,25,0
8748,114,1
8749,92,1
8750,33,0
8751,52,0
8752,39,1
8753,54,1
8754,47,0
8755,79,1
8756,93,0
8757,86,0
8758,52,0
8759,24,0
8760,11,0
8761,75,1
8762,86,0
8763,47,0
8764,56,0
8765,56,1
8766,14,0
8767,82,1
8768,70,1
8769,26,0
8770,101,0
8771,46,1
8772,105,0
8773,42,0
8774,47,0
8775,125,1
8776,114,1
8777,49,0
8778,27,1
8779,64,0
8780,110,0
8781,101,0
8782,67,0
8783,70,1
8784,36,0
8785,88,0
8786,26,0
8787,36,1
8788,126,1
8789,53,0
8790,27,0
8791,37,1
8792,54,0
8793,66,1
8794,40,0
8795,38,1
8796,53,1
8797,59,1
8798,129,0
8799,49,0
8800,57,0
8801,40,1
8802,75,1
8803,41,0
8804,25,0
8805,21,0
8806,68,1
8807,84,1
8808,15,0
8809,53,1
8810,107,0
8811,47,0
8812,32,0
8813,73,0
8814,30,0
8815,15,0
8816,63,0
8817,15,0
8818,67,0
8819,59,1
8820,54,1
8821,71,0
8822,21,0
8823,18,0
8824,61,1
8825,55,1
8826,39,0
8827,53,0
8828,34,0
8829,25,0
8830,37,1
8831,22,0
8832,83,0
8833,51,1
8834,17,0
8835,25,0
8836,71,0
8837,75,0
8838,24,0
8839,7,0
8840,33,0
8841,58,0
8842,109,0
8843,65,0
8844,100,1
8845,10,0
8846,91,1
8847,124,0
8848,38,0
8849,44,0
8850,105,1
8851,79,0
8852,48,0
8853,69,1
8854,107,1
8855,19,0
8856,42,1
8857,131,0
8858,30,1
8859,84,0
8860,120,1
8861,138,1
8862,52,1
8863,25,0
8864,71,1
8865,28,1
8866,52,1
8867,57,0
8868,13,0
8869,57,0
8870,38,0
8871,19,0
8872,38,0
8873,63,1
8874,38,0
8875,24,0
8876,88,0
8877,117,0
8878,19,0
8879,75,0
8880,73,0
8881,23,0
8882,56,1
8883,72,1
8884,129,0
8885,40,0
8886,61,1
8887,22,0
8888,63,1
8889,53,1
8890,47,1
8891,52,1
8892,57,1
8893,55,1
8894,14,0
8895,59,0
8896,16,0
8897,114,1
8898,29,1
8899,69,0
8900,39,0
8901,40,1
8902,14,0
8903,72,1
8904,85,0
8905,75,0
8906,80,0
8907,76,1
8908,59,0
8909,49,1
8910,20,0
8911,14,0
8912,34,1
8913,111,1
8914,55,0
8915,101,0
8916,90,0
8917,38,0
8918,28,0
8919,34,0
8920,52,1
8921,65,0
8922,58,1
8923,138,1
8924,27,0
8925,56,0
8926,95,0
8927,21,0
8928,103,0
8929,64,1
8930,48,0
8931,35,0
8932,108,1
8933,134,0
8934,16,0
8935,27,0
8936,86,1
8937,61,0
8938,51,1
8939,20,1
8940,77,0
8941,124,0
8942,40,1
8943,74,0
8944,19,0
8945,72,1
8946,70,1
8947,51,1
8948,91,0
8949,48,0
8950,57,0
8951,44,0
8952,39,1
8953,36,1
8954,53,1
8955,33,0
8956,69,1
8957,140,0
8958,146,1
8959,65,0
8960,17,1
8961,45,1
8962,43,1
8963,29,1
8964,89,1
8965,39,1
8966,87,1
8967,15,0
8968,39,1
8969,29,1
8970,80,1
8971,38,1
8972,26,1
8973,119,1
8974,51,0
8975,24,0
8976,93,0
8977,102,1
8978,15,0
8979,96,0
8980,29,0
8981,19,0
8982,51,1
8983,91,0
8984,65,1
8985,62,1
8986,42,1
8987,33,0
8988,74,0
8989,200,0
8990,42,1
8991,32,0
8992,16,0
8993,116,1
8994,57,0
8995,106,1
8996,37,1
8997,16,0
8998,72,1
8999,63,1
9000,119,1
9001,42,0
9002,40,0
9003,55,0
9004,15,0
9005,36,1
9006,127,0
9007,125,0
9008,56,1
9009,84,1
9010,65,0
9011,27,0
9012,86,0
9013,54,0
9014,31,0
9015,39,0
9016,83,0
9017,44,0
9018,151,0
9019,38,1
9020,24,0
9021,18,0
9022,44,0
9023,84,0
9024,74,0
9025,35,0
9026,72,1
9027,44,1
9028,79,1
9029,17,0
9030,36,1
9031,12,0
9032,10,0
9033,85,1
9034,42,1
9035,91,0
9036,81,1
9037,45,1
9038,32,0
9039,23,0
9040,34,1
9041,15,0
9042,45,0
9043,42,0
9044,147,1
9045,66,0
9046,53,1
9047,38,1
9048,27,0
9049,200,0
9050,41,0
9051,80,0
9052,44,1
9053,51,0
9054,81,1
9055,15,0
9056,100,1
9057,168,1
9058,130,1
9059,40,1
9060,155,1
9061,88,1
9062,58,0
9063,39,0
9064,59,0
9065,83,0
9066,63,1
9067,24,0
9068,16,0
9069,85,1
9070,42,0
9071,63,1
9072,48,1
9073,21,0
9074,61,1
9075,112,0
9076,34,0
9077,51,1
9078,58,0
9079,35,1
9080,66,0
9081,65,1
9082,69,0
9083,20,0
9084,32,0
9085,77,0
9086,44,1
9087,73,1
9088,47,1
9089,47,0
9090,19,0
9091,64,1
9092,71,1
9093,143,1
9094,72,1
9095,111,0
9096,27,0
9097,34,0
9098,114,1
9099,78,0
9100,56,0
9101,26,0
9102,66,0
9103,98,0
9104,34,1
9105,40,1
9106,98,0
9107,68,0
9108,54,0
9109,33,0
9110,105,0
9111,43,1
9112,59,0
9113,46,0
9114,17,0
9115,41,1
9116,39,0
9117,72,0
9118,54,1
9119,36,1
9120,131,1
9121,41,0
9122,97,1
9123,68,0
9124,18,0
9125,25,1
9126,29,0
9127,41,1
9128,108,1
9129,18,0
9130,71,0
9131,122,0
9132,70,0
9133,76,0
9134,160,1
9135,58,1
9136,43,0
9137,70,1
9138,42,1
9139,36,0
9140,28,0
9141,26,0
9142,46,1
9143,172,1
9144,75,0
9145,30,1
9146,53,1
9147,108,1
9148,68,0
9149,62,0
9150,71,0
9151,59,0
9152,12,0
9153,50,1
9154,31,1
9155,55,1
9156,12,0
9157,47,0
9158,79,1
9159,64,0
9160,55,0
9161,70,0
9162,25,1
9163,161,1
9164,24,0
9165,23,0
9166,117,1
9167,41,0
9168,43,1
9169,52,0
9170,114,1
9171,64,1
9172,39,0
9173,142,1
9174,91,1
9175,19,0
9176,41,1
9177,43,0
9178,88,0
9179,34,0
9180,40,1
9181,48,0
9182,60,1
9183,39,1
9184,84,1
9185,73,0
9186,56,1
9187,39,1
9188,45,0
9189,37,0
9190,55,0
9191,58,1
9192,58,0
9193,91,1
9194,42,0
9195,53,0
9196,32,0
9197,23,1
9198,47,0
9199,103,1
9200,30,0
9201,48,1
9202,30,0
9203,62,0
9204,43,0
9205,24,0
9206,74,1
9207,31,1
9208,76,1
9209,45,0
9210,45,0
9211,48,0
9212,20,0
9213,60,0
9214,49,0
9215,35,0
9216,53,0
9217,39,1
9218,63,1
9219,45,1
9220,17,0
9221,37,1
9222,119,1
9223,67,1
9224,75,0
9225,70,1
9226,46,1
9227,34,0
9228,58,0
9229,43,0
9230,45,0
9231,60,1
9232,39,1
9233,55,0
9234,45,0
9235,41,0
9236,39,0
9237,57,0
9238,87,0
9239,32,0
9240,42,0
9241,42,0
9242,55,1
9243,200,0
9244,29,0
9245,7,0
9246,52,0
9247,54,0
9248,46,1
9249,39,0
9250,84,1
9251,64,1
9252,34,1
9253,98,0
9254,36,0
9255,58,1
9256,78,0
9257,139,1
9258,200,0
9259,66,1
9260,82,1
9261,51,1
9262,65,0
9263,13,0
9264,35,0
9265,47,0
9266,13,0
9267,66,1
9268,30,0
9269,29,0
9270,120,0
9271,62,0
9272,29,1
9273,13,0
9274,42,1
9275,200,0
9276,39,0
9277,23,0
9278,114,1
9279,47,0
9280,122,1
9281,40,1
9282,190,1
9283,59,0
9284,89,1
9285,43,0
9286,18,0
9287,106,1
9288,87,0
9289,54,1
9290,76,1
9291,17,0
9292,51,1
9293,98,0
9294,38,0
9295,54,1
9296,34,0
9297,60,0
9298,34,0
9299,83,0
9300,22,1
9301,38,1
9302,25,0
9303,166,1
9304,90,1
9305,43,0
9306,59,0
9307,108,0
9308,76,0
9309,85,0
9310,13,0
9311,21,0
9312,41,0
9313,82,1
9314,38,1
9315,56,0
9316,27,0
9317,107,1
9318,32,0
9319,18,0
9320,60,0
9321,56,1
9322,17,0
9323,65,1
9324,36,0
9325,55,1
9326,33,1
9327,23,1
9328,150,1
9329,100,0
9330,37,1
9331,43,1
9332,82,1
9333,39,0
9334,91,1
9335,73,0
9336,31,1
9337,10,0
9338,16,0
9339,17,0
9340,27,0
9341,63,0
9342,40,1
9343,94,0
9344,44,1
9345,36,1
9346,31,0
9347,28,1
9348,10,0
9349,34,1
9350,69,1
9351,36,0
9352,49,0
9353,18,0
9354,56,1
9355,34,1
9356,25,0
9357,96,0
9358,126,1
9359,54,1
9360,31,1
9361,104,0
9362,61,0
9363,40,0
9364,65,1
9365,59,1
9366,67,1
9367,61,0
9368,95,0
9369,24,1
9370,50,0
9371,65,1
9372,50,1
9373,44,1
9374,41,1
9375,89,1
9376,41,0
9377,109,1
9378,34,0
9379,40,0
9380,58,1
9381,28,1
9382,47,1
9383,26,0
9384,37,0
9385,74,1
9386,114,1
9387,95,0
9388,56,0
9389,38,1
9390,44,0
9391,34,1
9392,51,0
9393,30,1
9394,88,1
9395,116,1
9396,69,0
9397,69,0
9398,49,0
9399,58,1
9400,7,0
9401,54,1
9402,77,1
9403,145,1
9404,70,1
9405,35,0
9406,22,0
9407,142,1
9408,130,0
9409,28,1
9410,84,1
9411,35,0
9412,200,0
9413,102,0
9414,14,0
9415,121,1
9416,69,1
9417,91,0
9418,50,1
9419,64,1
9420,31,1
9421,200,0
9422,140,0
9423,46,1
9424,59,0
9425,112,1
9426,32,0
9427,81,0
9428,36,1
9429,84,1
9430,105,0
9431,119,0
9432,18,0
9433,107,1
9434,23,0
9435,96,1
9436,16,0
9437,58,1
9438,42,0
9439,61,0
9440,92,1
9441,68,1
9442,59,0
9443,136,1
9444,58,1
9445,38,0
9446,28,1
9447,61,0
9448,52,0
9449,66,1
9450,55,1
9451,40,0
9452,100,0
9453,69,0
9454,79,1
9455,173,0
9456,12,0
9457,40,1
9458,122,0
9459,71,1
9460,36,0
9461,132,1
9462,39,1
9463,61,0
9464,24,1
9465,200,0
9466,81,0
9467,38,0
9468,11,0
9469,13,0
9470,17,0
9471,31,1
9472,59,0
9473,47,0
9474,37,0
9475,200,0
9476,33,0
9477,36,1
9478,31,0
9479,61,1
9480,66,1
9481,59,0
9482,24,0
9483,104,0
9484,47,0
9485,152,1
9486,129,1
9487,31,0
9488,52,1
9489,21,1
9490,63,1
9491,13,0
9492,11,0
9493,34,1
9494,71,0
9495,29,0
9496,35,0
9497,35,0
9498,30,0
9499,78,0
9500,103,1
9501,21,0
9502,39,1
9503,40,1
9504,42,0
9505,41,1
9506,52,1
9507,161,1
9508,50,1
9509,120,1
9510,41,1
9511,19,0
9512,47,1
9513,49,1
9514,8,0
9515,65,1
9516,87,1
9517,92,1
9518,94,1
9519,36,1
9520,34,1
9521,23,0
9522,107,0
9523,41,0
9524,77,1
9525,65,1
9526,44,0
9527,92,1
9528,146,0
9529,60,0
9530,97,0
9531,20,0
9532,40,0
9533,159,0
9534,57,1
9535,81,0
9536,71,1
9537,46,1
9538,48,0
9539,42,0
9540,85,0
9541,46,0
9542,47,1
9543,48,0
9544,64,1
9545,56,0
9546,73,1
9547,85,0
9548,74,1
9549,28,0
9550,43,0
9551,65,1
9552,52,1
9553,41,1
9554,65,0
9555,154,0
9556,51,0
9557,86,0
9558,37,1
9559,52,0
9560,80,1
9561,23,0
9562,47,1
9563,97,1
9564,54,0
9565,48,1
9566,56,1
9567,7,0
9568,57,0
9569,38,1
9570,190,0
9571,14,0
9572,58,0
9573,103,1
9574,49,1
9575,135,1
9576,34,1
9577,64,0
9578,58,1
9579,60,0
9580,29,0
9581,87,1
9582,36,1
9583,21,0
9584,45,1
9585,44,1
9586,33,0
9587,53,0
9588,57,1
9589,45,1
9590,46,0
9591,25,0
9592,98,1
9593,29,0
9594,68,1
9595,133,0
9596,78,0
9597,42,0
9598,76,1
9599,36,0
9600,38,1
9601,40,1
9602,80,1
9603,41,1
9604,56,1
9605,78,1
9606,26,0
9607,53,1
9608,66,0
9609,38,1
9610,13,0
9611,76,1
9612,36,0
9613,104,0
9614,25,1
9615,41,1
9616,81,1
9617,51,1
9618,46,1
9619,38,1
9620,41,1
9621,40,1
9622,40,0
9623,22,1
9624,59,0
9625,200,0
9626,55,0
9627,65,0
9628,28,1
9629,130,1
9630,17,0
9631,45,0
9632,167,1
9633,49,0
9634,44,1
9635,92,1
9636,23,1
9637,76,1
9638,41,1
9639,80,0
9640,105,1
9641,67,1
9642,21,1
9643,57,1
9644,42,1
9645,102,1
9646,61,1
9647,40,1
9648,99,1
9649,55,0
9650,70,1
9651,14,0
9652,79,0
9653,18,1
9654,200,0
9655,33,0
9656,174,1
9657,93,0
9658,82,1
9659,130,0
9660,28,0
9661,57,1
9662,22,0
9663,68,1
9664,41,0
9665,35,1
9666,70,1
9667,57,0
9668,47,1
9669,60,0
9670,15,0
9671,129,1
9672,50,1
9673,32,1
9674,105,1
9675,43,1
9676,52,0
9677,45,0
9678,45,0
9679,20,0
9680,92,0
9681,41,0
9682,56,0
9683,50,0
9684,56,0
9685,173,0
9686,22,0
9687,35,1
9688,45,1
9689,55,1
9690,43,0
9691,32,0
9692,55,0
9693,71,0
9694,83,1
9695,66,1
9696,42,1
9697,31,0
9698,45,1
9699,36,1
9700,51,1
9701,118,1
9702,81,0
9703,27,0
9704,74,0
9705,47,1
9706,38,0
9707,40,0
9708,30,1
9709,18,0
9710,142,1
9711,28,0
9712,62,0
9713,105,1
9714,84,0
9715,30,0
9716,135,1
9717,88,1
9718,52,1
9719,30,0
9720,88,0
9721,88,1
9722,35,0
9723,58,0
9724,29,0
9725,200,0
9726,62,0
9727,38,1
9728,71,1
9729,157,1
9730,57,0
9731,35,0
9732,83,1
9733,137,0
9734,48,0
9735,76,1
9736,50,1
9737,59,1
9738,33,0
9739,101,0
9740,106,1
9741,68,0
9742,21,0
9743,32,0
9744,104,0
9745,101,1
9746,107,1
9747,61,1
9748,89,0
9749,93,1
9750,40,0
9751,72,1
9752,22,0
9753,39,0
9754,17,0
9755,14,0
9756,49,1
9757,50,1
9758,33,1
9759,62,0
9760,92,0
9761,63,0
9762,65,0
9763,45,0
9764,20,0
9765,43,0
9766,34,0
9767,47,0
9768,41,0
9769,111,1
9770,65,0
9771,38,0
9772,46,0
9773,107,1
9774,77,1
9775,53,0
9776,28,0
9777,200,0
9778,63,1
9779,63,0
9780,22,0
9781,37,0
9782,127,1
9783,82,1
9784,123,1
9785,14,0
9786,32,0
9787,32,0
9788,19,0
9789,66,1
9790,74,1
9791,41,1
9792,35,1
9793,80,1
9794,53,1
9795,24,0
9796,63,1
9797,97,0
9798,11,0
9799,11,0
9800,52,0
9801,83,0
9802,38,0
9803,38,0
9804,55,1
9805,88,1
9806,22,0
9807,47,1
9808,21,0
9809,42,1
9810,25,0
9811,59,1
9812,49,0
9813,52,1
9814,31,0
9815,71,0
9816,50,1
9817,60,1
9818,131,1
9819,80,1
9820,139,1
9821,30,0
9822,42,0
9823,63,0
9824,43,0
9825,12,0
9826,11,0
9827,134,0
9828,43,0
9829,91,0
9830,46,1
9831,75,1
9832,35,0
9833,44,1
9834,42,0
9835,13,0
9836,17,0
9837,46,0
9838,100,0
9839,81,0
9840,109,1
9841,23,0
9842,29,1
9843,37,1
9844,44,1
9845,65,0
9846,13,0
9847,71,1
9848,49,0
9849,72,1
9850,69,1
9851,33,0
9852,43,1
9853,51,0
9854,49,0
9855,80,0
9856,46,1
9857,38,0
9858,35,1
9859,14,0
9860,35,1
9861,41,0
9862,74,1
9863,33,0
9864,23,0
9865,74,0
9866,131,0
9867,70,0
9868,74,0
9869,28,0
9870,74,0
9871,51,0
9872,177,0
9873,65,1
9874,140,1
9875,126,1
9876,38,0
9877,64,1
9878,33,0
9879,126,1
9880,7,0
9881,61,0
9882,33,0
9883,54,0
9884,73,0
9885,48,0
9886,49,0
9887,64,1
9888,94,0
9889,25,0
9890,34,0
9891,19,0
9892,85,1
9893,81,1
9894,97,1
9895,37,0
9896,42,0
9897,44,1
9898,65,0
9899,18,0
9900,51,0
9901,49,1
9902,28,1
9903,36,1
9904,88,1
9905,7,0
9906,89,0
9907,27,0
9908,36,0
9909,48,0
9910,45,0
9911,109,0
9912,39,1
9913,40,0
9914,145,0
9915,76,1
9916,12,0
9917,61,0
9918,37,0
9919,46,1
9920,88,0
9921,22,0
9922,25,0
9923,65,1
9924,56,0
9925,19,0
9926,72,0
9927,30,1
9928,42,0
9929,63,0
9930,78,0
9931,44,0
9932,15,0
9933,124,0
9934,64,1
9935,122,0
9936,33,1
9937,18,1
9938,44,1
9939,28,0
9940,91,0
9941,24,0
9942,33,0
9943,55,1
9944,21,0
9945,65,0
9946,42,0
9947,130,0
9948,41,1
9949,115,1
9950,92,1
9951,74,0
9952,61,0
9953,42,1
9954,133,0
9955,54,1
9956,37,0
9957,88,0
9958,11,0
9959,44,1
9960,69,0
9961,63,1
9962,53,1
9963,72,1
9964,64,1
9965,37,1
9966,41,0
9967,104,1
9968,26,1
9969,48,0
9970,30,0
9971,13,0
9972,62,0
9973,65,0
9974,73,0
9975,21,0
9976,56,0
9977,111,0
9978,31,0
9979,100,0
9980,65,1
9981,43,1
9982,20,0
9983,27,1
9984,92,1
9985,50,1
9986,12,0
9987,51,1
9988,55,0
9989,23,0
9990,39,0
9991,62,1
9992,20,0
9993,76,0
9994,25,0
9995,200,0
9996,65,0
9997,200,0
9998,23,0
9999,67,0
